0.0		0.0
1.000000e-03	2.418046e-02
1.002306e-03	2.420052e-02
1.004617e-03	2.422058e-02
1.006934e-03	2.424065e-02
1.009256e-03	2.426073e-02
1.011583e-03	2.428082e-02
1.013916e-03	2.430091e-02
1.016254e-03	2.432102e-02
1.018598e-03	2.434113e-02
1.020947e-03	2.436126e-02
1.023301e-03	2.438139e-02
1.025661e-03	2.440153e-02
1.028026e-03	2.442168e-02
1.030396e-03	2.444183e-02
1.032773e-03	2.446200e-02
1.035154e-03	2.448217e-02
1.037541e-03	2.450235e-02
1.039934e-03	2.452254e-02
1.042332e-03	2.454274e-02
1.044735e-03	2.456295e-02
1.047145e-03	2.458316e-02
1.049559e-03	2.460338e-02
1.051980e-03	2.462361e-02
1.054406e-03	2.464385e-02
1.056837e-03	2.466410e-02
1.059274e-03	2.468435e-02
1.061717e-03	2.470461e-02
1.064165e-03	2.472488e-02
1.066619e-03	2.474516e-02
1.069079e-03	2.476544e-02
1.071544e-03	2.478574e-02
1.074015e-03	2.480604e-02
1.076492e-03	2.482634e-02
1.078974e-03	2.484666e-02
1.081462e-03	2.486698e-02
1.083956e-03	2.488730e-02
1.086456e-03	2.490763e-02
1.088961e-03	2.492797e-02
1.091472e-03	2.494831e-02
1.093989e-03	2.496867e-02
1.096512e-03	2.498903e-02
1.099040e-03	2.500940e-02
1.101575e-03	2.502978e-02
1.104115e-03	2.505017e-02
1.106661e-03	2.507056e-02
1.109213e-03	2.509097e-02
1.111771e-03	2.511138e-02
1.114335e-03	2.513180e-02
1.116904e-03	2.515222e-02
1.119480e-03	2.517266e-02
1.122062e-03	2.519310e-02
1.124649e-03	2.521355e-02
1.127242e-03	2.523400e-02
1.129842e-03	2.525447e-02
1.132447e-03	2.527494e-02
1.135059e-03	2.529542e-02
1.137676e-03	2.531590e-02
1.140300e-03	2.533640e-02
1.142929e-03	2.535690e-02
1.145565e-03	2.537741e-02
1.148207e-03	2.539792e-02
1.150854e-03	2.541845e-02
1.153508e-03	2.543898e-02
1.156168e-03	2.545951e-02
1.158834e-03	2.548006e-02
1.161507e-03	2.550061e-02
1.164185e-03	2.552117e-02
1.166870e-03	2.554173e-02
1.169560e-03	2.556229e-02
1.172257e-03	2.558286e-02
1.174961e-03	2.560344e-02
1.177670e-03	2.562403e-02
1.180386e-03	2.564462e-02
1.183108e-03	2.566522e-02
1.185836e-03	2.568583e-02
1.188571e-03	2.570645e-02
1.191312e-03	2.572707e-02
1.194059e-03	2.574770e-02
1.196812e-03	2.576834e-02
1.199572e-03	2.578898e-02
1.202338e-03	2.580964e-02
1.205111e-03	2.583029e-02
1.207890e-03	2.585096e-02
1.210675e-03	2.587163e-02
1.213467e-03	2.589232e-02
1.216265e-03	2.591300e-02
1.219070e-03	2.593370e-02
1.221881e-03	2.595440e-02
1.224699e-03	2.597511e-02
1.227523e-03	2.599582e-02
1.230354e-03	2.601654e-02
1.233191e-03	2.603727e-02
1.236035e-03	2.605801e-02
1.238885e-03	2.607875e-02
1.241742e-03	2.609950e-02
1.244605e-03	2.612025e-02
1.247475e-03	2.614101e-02
1.250352e-03	2.616178e-02
1.253235e-03	2.618255e-02
1.256125e-03	2.620333e-02
1.259022e-03	2.622412e-02
1.261925e-03	2.624490e-02
1.264835e-03	2.626569e-02
1.267752e-03	2.628649e-02
1.270676e-03	2.630730e-02
1.273606e-03	2.632811e-02
1.276543e-03	2.634892e-02
1.279486e-03	2.636975e-02
1.282437e-03	2.639058e-02
1.285394e-03	2.641142e-02
1.288358e-03	2.643226e-02
1.291329e-03	2.645312e-02
1.294307e-03	2.647397e-02
1.297292e-03	2.649484e-02
1.300283e-03	2.651571e-02
1.303282e-03	2.653659e-02
1.306287e-03	2.655747e-02
1.309300e-03	2.657836e-02
1.312319e-03	2.659926e-02
1.315345e-03	2.662016e-02
1.318378e-03	2.664107e-02
1.321418e-03	2.666199e-02
1.324466e-03	2.668291e-02
1.327520e-03	2.670384e-02
1.330581e-03	2.672477e-02
1.333649e-03	2.674571e-02
1.336725e-03	2.676665e-02
1.339807e-03	2.678760e-02
1.342897e-03	2.680856e-02
1.345994e-03	2.682952e-02
1.349098e-03	2.685049e-02
1.352209e-03	2.687147e-02
1.355327e-03	2.689245e-02
1.358452e-03	2.691343e-02
1.361585e-03	2.693442e-02
1.364725e-03	2.695540e-02
1.367872e-03	2.697640e-02
1.371026e-03	2.699740e-02
1.374188e-03	2.701840e-02
1.377356e-03	2.703941e-02
1.380533e-03	2.706043e-02
1.383716e-03	2.708146e-02
1.386907e-03	2.710249e-02
1.390105e-03	2.712352e-02
1.393311e-03	2.714457e-02
1.396524e-03	2.716561e-02
1.399744e-03	2.718667e-02
1.402972e-03	2.720773e-02
1.406207e-03	2.722879e-02
1.409450e-03	2.724986e-02
1.412700e-03	2.727094e-02
1.415958e-03	2.729202e-02
1.419223e-03	2.731311e-02
1.422496e-03	2.733420e-02
1.425776e-03	2.735530e-02
1.429064e-03	2.737641e-02
1.432359e-03	2.739752e-02
1.435662e-03	2.741863e-02
1.438973e-03	2.743975e-02
1.442291e-03	2.746088e-02
1.445617e-03	2.748201e-02
1.448951e-03	2.750314e-02
1.452292e-03	2.752428e-02
1.455641e-03	2.754543e-02
1.458998e-03	2.756658e-02
1.462362e-03	2.758773e-02
1.465735e-03	2.760889e-02
1.469115e-03	2.763005e-02
1.472502e-03	2.765121e-02
1.475898e-03	2.767238e-02
1.479301e-03	2.769355e-02
1.482713e-03	2.771472e-02
1.486132e-03	2.773590e-02
1.489559e-03	2.775709e-02
1.492994e-03	2.777828e-02
1.496437e-03	2.779948e-02
1.499888e-03	2.782068e-02
1.503346e-03	2.784189e-02
1.506813e-03	2.786310e-02
1.510288e-03	2.788432e-02
1.513770e-03	2.790554e-02
1.517261e-03	2.792677e-02
1.520760e-03	2.794800e-02
1.524267e-03	2.796924e-02
1.527782e-03	2.799048e-02
1.531305e-03	2.801173e-02
1.534836e-03	2.803298e-02
1.538375e-03	2.805424e-02
1.541923e-03	2.807550e-02
1.545479e-03	2.809677e-02
1.549043e-03	2.811804e-02
1.552615e-03	2.813931e-02
1.556195e-03	2.816059e-02
1.559784e-03	2.818187e-02
1.563380e-03	2.820316e-02
1.566986e-03	2.822445e-02
1.570599e-03	2.824575e-02
1.574221e-03	2.826705e-02
1.577851e-03	2.828835e-02
1.581490e-03	2.830966e-02
1.585137e-03	2.833097e-02
1.588792e-03	2.835227e-02
1.592456e-03	2.837358e-02
1.596128e-03	2.839490e-02
1.599809e-03	2.841622e-02
1.603498e-03	2.843754e-02
1.607195e-03	2.845887e-02
1.610902e-03	2.848020e-02
1.614616e-03	2.850154e-02
1.618340e-03	2.852288e-02
1.622072e-03	2.854423e-02
1.625812e-03	2.856558e-02
1.629561e-03	2.858693e-02
1.633319e-03	2.860829e-02
1.637085e-03	2.862965e-02
1.640861e-03	2.865102e-02
1.644644e-03	2.867239e-02
1.648437e-03	2.869377e-02
1.652238e-03	2.871515e-02
1.656048e-03	2.873653e-02
1.659867e-03	2.875791e-02
1.663695e-03	2.877930e-02
1.667531e-03	2.880070e-02
1.671377e-03	2.882210e-02
1.675231e-03	2.884350e-02
1.679094e-03	2.886490e-02
1.682966e-03	2.888631e-02
1.686847e-03	2.890772e-02
1.690737e-03	2.892914e-02
1.694636e-03	2.895055e-02
1.698544e-03	2.897197e-02
1.702460e-03	2.899340e-02
1.706386e-03	2.901483e-02
1.710321e-03	2.903626e-02
1.714265e-03	2.905768e-02
1.718218e-03	2.907911e-02
1.722181e-03	2.910054e-02
1.726152e-03	2.912197e-02
1.730132e-03	2.914341e-02
1.734122e-03	2.916485e-02
1.738121e-03	2.918629e-02
1.742129e-03	2.920774e-02
1.746147e-03	2.922920e-02
1.750173e-03	2.925065e-02
1.754209e-03	2.927211e-02
1.758254e-03	2.929357e-02
1.762309e-03	2.931504e-02
1.766373e-03	2.933651e-02
1.770446e-03	2.935798e-02
1.774529e-03	2.937945e-02
1.778621e-03	2.940093e-02
1.782722e-03	2.942241e-02
1.786833e-03	2.944390e-02
1.790954e-03	2.946538e-02
1.795084e-03	2.948687e-02
1.799223e-03	2.950837e-02
1.803372e-03	2.952986e-02
1.807531e-03	2.955136e-02
1.811699e-03	2.957286e-02
1.815877e-03	2.959436e-02
1.820064e-03	2.961587e-02
1.824261e-03	2.963737e-02
1.828468e-03	2.965888e-02
1.832684e-03	2.968040e-02
1.836911e-03	2.970191e-02
1.841147e-03	2.972343e-02
1.845392e-03	2.974495e-02
1.849648e-03	2.976646e-02
1.853913e-03	2.978798e-02
1.858188e-03	2.980949e-02
1.862473e-03	2.983101e-02
1.866768e-03	2.985253e-02
1.871073e-03	2.987405e-02
1.875388e-03	2.989558e-02
1.879712e-03	2.991711e-02
1.884047e-03	2.993864e-02
1.888391e-03	2.996017e-02
1.892746e-03	2.998171e-02
1.897111e-03	3.000325e-02
1.901486e-03	3.002479e-02
1.905870e-03	3.004633e-02
1.910265e-03	3.006788e-02
1.914670e-03	3.008943e-02
1.919086e-03	3.011098e-02
1.923511e-03	3.013253e-02
1.927947e-03	3.015408e-02
1.932393e-03	3.017564e-02
1.936849e-03	3.019719e-02
1.941315e-03	3.021875e-02
1.945792e-03	3.024032e-02
1.950279e-03	3.026188e-02
1.954776e-03	3.028344e-02
1.959284e-03	3.030501e-02
1.963802e-03	3.032658e-02
1.968331e-03	3.034814e-02
1.972870e-03	3.036971e-02
1.977419e-03	3.039129e-02
1.981979e-03	3.041286e-02
1.986549e-03	3.043443e-02
1.991130e-03	3.045601e-02
1.995722e-03	3.047758e-02
2.000324e-03	3.049915e-02
2.004937e-03	3.052072e-02
2.009560e-03	3.054229e-02
2.014194e-03	3.056386e-02
2.018839e-03	3.058543e-02
2.023495e-03	3.060700e-02
2.028161e-03	3.062858e-02
2.032838e-03	3.065016e-02
2.037525e-03	3.067174e-02
2.042224e-03	3.069332e-02
2.046933e-03	3.071490e-02
2.051654e-03	3.073649e-02
2.056385e-03	3.075807e-02
2.061127e-03	3.077966e-02
2.065880e-03	3.080124e-02
2.070644e-03	3.082283e-02
2.075419e-03	3.084442e-02
2.080205e-03	3.086601e-02
2.085001e-03	3.088761e-02
2.089810e-03	3.090920e-02
2.094629e-03	3.093079e-02
2.099459e-03	3.095238e-02
2.104300e-03	3.097398e-02
2.109153e-03	3.099557e-02
2.114016e-03	3.101717e-02
2.118891e-03	3.103876e-02
2.123778e-03	3.106036e-02
2.128675e-03	3.108196e-02
2.133584e-03	3.110355e-02
2.138504e-03	3.112515e-02
2.143435e-03	3.114675e-02
2.148378e-03	3.116835e-02
2.153332e-03	3.118994e-02
2.158298e-03	3.121153e-02
2.163275e-03	3.123312e-02
2.168263e-03	3.125470e-02
2.173263e-03	3.127629e-02
2.178275e-03	3.129788e-02
2.183298e-03	3.131947e-02
2.188333e-03	3.134106e-02
2.193379e-03	3.136265e-02
2.198437e-03	3.138424e-02
2.203507e-03	3.140583e-02
2.208588e-03	3.142742e-02
2.213681e-03	3.144901e-02
2.218786e-03	3.147060e-02
2.223902e-03	3.149220e-02
2.229031e-03	3.151379e-02
2.234171e-03	3.153538e-02
2.239323e-03	3.155697e-02
2.244487e-03	3.157857e-02
2.249663e-03	3.160016e-02
2.254850e-03	3.162175e-02
2.260050e-03	3.164334e-02
2.265262e-03	3.166493e-02
2.270485e-03	3.168652e-02
2.275721e-03	3.170811e-02
2.280969e-03	3.172970e-02
2.286229e-03	3.175129e-02
2.291501e-03	3.177288e-02
2.296785e-03	3.179447e-02
2.302082e-03	3.181605e-02
2.307390e-03	3.183764e-02
2.312711e-03	3.185922e-02
2.318044e-03	3.188081e-02
2.323390e-03	3.190239e-02
2.328747e-03	3.192397e-02
2.334117e-03	3.194553e-02
2.339500e-03	3.196710e-02
2.344895e-03	3.198867e-02
2.350302e-03	3.201024e-02
2.355722e-03	3.203180e-02
2.361154e-03	3.205337e-02
2.366599e-03	3.207494e-02
2.372057e-03	3.209650e-02
2.377527e-03	3.211807e-02
2.383009e-03	3.213963e-02
2.388504e-03	3.216119e-02
2.394012e-03	3.218276e-02
2.399533e-03	3.220432e-02
2.405066e-03	3.222588e-02
2.410612e-03	3.224744e-02
2.416171e-03	3.226900e-02
2.421743e-03	3.229055e-02
2.427327e-03	3.231211e-02
2.432925e-03	3.233366e-02
2.438535e-03	3.235522e-02
2.444159e-03	3.237677e-02
2.449795e-03	3.239832e-02
2.455444e-03	3.241986e-02
2.461106e-03	3.244141e-02
2.466782e-03	3.246296e-02
2.472470e-03	3.248450e-02
2.478172e-03	3.250604e-02
2.483886e-03	3.252758e-02
2.489614e-03	3.254912e-02
2.495355e-03	3.257065e-02
2.501110e-03	3.259218e-02
2.506877e-03	3.261371e-02
2.512658e-03	3.263524e-02
2.518452e-03	3.265675e-02
2.524260e-03	3.267826e-02
2.530081e-03	3.269977e-02
2.535915e-03	3.272128e-02
2.541763e-03	3.274279e-02
2.547624e-03	3.276430e-02
2.553499e-03	3.278580e-02
2.559388e-03	3.280730e-02
2.565289e-03	3.282880e-02
2.571205e-03	3.285030e-02
2.577134e-03	3.287180e-02
2.583077e-03	3.289329e-02
2.589034e-03	3.291479e-02
2.595004e-03	3.293628e-02
2.600988e-03	3.295777e-02
2.606986e-03	3.297925e-02
2.612998e-03	3.300074e-02
2.619023e-03	3.302222e-02
2.625063e-03	3.304370e-02
2.631116e-03	3.306517e-02
2.637184e-03	3.308664e-02
2.643265e-03	3.310812e-02
2.649360e-03	3.312958e-02
2.655470e-03	3.315105e-02
2.661593e-03	3.317251e-02
2.667731e-03	3.319397e-02
2.673883e-03	3.321543e-02
2.680049e-03	3.323688e-02
2.686229e-03	3.325833e-02
2.692424e-03	3.327977e-02
2.698632e-03	3.330122e-02
2.704855e-03	3.332266e-02
2.711093e-03	3.334409e-02
2.717345e-03	3.336551e-02
2.723611e-03	3.338693e-02
2.729891e-03	3.340834e-02
2.736187e-03	3.342976e-02
2.742496e-03	3.345116e-02
2.748821e-03	3.347257e-02
2.755159e-03	3.349397e-02
2.761513e-03	3.351537e-02
2.767881e-03	3.353677e-02
2.774264e-03	3.355816e-02
2.780661e-03	3.357955e-02
2.787073e-03	3.360094e-02
2.793500e-03	3.362233e-02
2.799942e-03	3.364371e-02
2.806399e-03	3.366509e-02
2.812870e-03	3.368646e-02
2.819357e-03	3.370783e-02
2.825858e-03	3.372920e-02
2.832375e-03	3.375056e-02
2.838906e-03	3.377192e-02
2.845453e-03	3.379328e-02
2.852014e-03	3.381463e-02
2.858591e-03	3.383598e-02
2.865183e-03	3.385732e-02
2.871790e-03	3.387866e-02
2.878413e-03	3.390000e-02
2.885050e-03	3.392133e-02
2.891703e-03	3.394265e-02
2.898372e-03	3.396398e-02
2.905055e-03	3.398529e-02
2.911754e-03	3.400661e-02
2.918469e-03	3.402792e-02
2.925199e-03	3.404922e-02
2.931944e-03	3.407051e-02
2.938705e-03	3.409179e-02
2.945482e-03	3.411307e-02
2.952274e-03	3.413434e-02
2.959082e-03	3.415561e-02
2.965906e-03	3.417688e-02
2.972745e-03	3.419814e-02
2.979601e-03	3.421940e-02
2.986472e-03	3.424065e-02
2.993358e-03	3.426190e-02
3.000261e-03	3.428314e-02
3.007180e-03	3.430438e-02
3.014114e-03	3.432562e-02
3.021065e-03	3.434685e-02
3.028031e-03	3.436808e-02
3.035014e-03	3.438930e-02
3.042013e-03	3.441052e-02
3.049028e-03	3.443173e-02
3.056059e-03	3.445294e-02
3.063106e-03	3.447414e-02
3.070170e-03	3.449534e-02
3.077250e-03	3.451653e-02
3.084346e-03	3.453771e-02
3.091458e-03	3.455890e-02
3.098587e-03	3.458007e-02
3.105733e-03	3.460124e-02
3.112894e-03	3.462241e-02
3.120073e-03	3.464357e-02
3.127268e-03	3.466472e-02
3.134479e-03	3.468587e-02
3.141707e-03	3.470701e-02
3.148952e-03	3.472815e-02
3.156214e-03	3.474928e-02
3.163492e-03	3.477040e-02
3.170787e-03	3.479151e-02
3.178099e-03	3.481261e-02
3.185427e-03	3.483370e-02
3.192773e-03	3.485479e-02
3.200136e-03	3.487587e-02
3.207515e-03	3.489695e-02
3.214912e-03	3.491803e-02
3.222325e-03	3.493909e-02
3.229756e-03	3.496016e-02
3.237204e-03	3.498121e-02
3.244669e-03	3.500226e-02
3.252151e-03	3.502331e-02
3.259651e-03	3.504435e-02
3.267167e-03	3.506539e-02
3.274702e-03	3.508641e-02
3.282253e-03	3.510744e-02
3.289822e-03	3.512845e-02
3.297408e-03	3.514946e-02
3.305012e-03	3.517047e-02
3.312634e-03	3.519146e-02
3.320272e-03	3.521245e-02
3.327929e-03	3.523344e-02
3.335603e-03	3.525442e-02
3.343295e-03	3.527539e-02
3.351005e-03	3.529635e-02
3.358732e-03	3.531731e-02
3.366478e-03	3.533826e-02
3.374241e-03	3.535921e-02
3.382022e-03	3.538014e-02
3.389821e-03	3.540107e-02
3.397638e-03	3.542200e-02
3.405473e-03	3.544291e-02
3.413326e-03	3.546382e-02
3.421197e-03	3.548471e-02
3.429086e-03	3.550559e-02
3.436994e-03	3.552646e-02
3.444919e-03	3.554733e-02
3.452863e-03	3.556819e-02
3.460826e-03	3.558904e-02
3.468806e-03	3.560989e-02
3.476805e-03	3.563073e-02
3.484823e-03	3.565157e-02
3.492859e-03	3.567239e-02
3.500914e-03	3.569322e-02
3.508987e-03	3.571403e-02
3.517078e-03	3.573484e-02
3.525189e-03	3.575564e-02
3.533318e-03	3.577643e-02
3.541466e-03	3.579722e-02
3.549633e-03	3.581799e-02
3.557818e-03	3.583876e-02
3.566022e-03	3.585953e-02
3.574246e-03	3.588028e-02
3.582488e-03	3.590103e-02
3.590749e-03	3.592177e-02
3.599029e-03	3.594250e-02
3.607329e-03	3.596323e-02
3.615647e-03	3.598394e-02
3.623985e-03	3.600465e-02
3.632342e-03	3.602535e-02
3.640718e-03	3.604605e-02
3.649114e-03	3.606673e-02
3.657529e-03	3.608741e-02
3.665963e-03	3.610807e-02
3.674417e-03	3.612873e-02
3.682890e-03	3.614938e-02
3.691383e-03	3.617002e-02
3.699895e-03	3.619063e-02
3.708427e-03	3.621124e-02
3.716979e-03	3.623185e-02
3.725550e-03	3.625244e-02
3.734141e-03	3.627303e-02
3.742752e-03	3.629361e-02
3.751383e-03	3.631418e-02
3.760034e-03	3.633475e-02
3.768704e-03	3.635531e-02
3.777395e-03	3.637585e-02
3.786106e-03	3.639639e-02
3.794836e-03	3.641693e-02
3.803587e-03	3.643745e-02
3.812358e-03	3.645797e-02
3.821150e-03	3.647847e-02
3.829961e-03	3.649897e-02
3.838793e-03	3.651946e-02
3.847646e-03	3.653994e-02
3.856518e-03	3.656041e-02
3.865411e-03	3.658088e-02
3.874325e-03	3.660133e-02
3.883259e-03	3.662178e-02
3.892214e-03	3.664221e-02
3.901190e-03	3.666264e-02
3.910186e-03	3.668306e-02
3.919203e-03	3.670346e-02
3.928240e-03	3.672386e-02
3.937299e-03	3.674425e-02
3.946378e-03	3.676463e-02
3.955479e-03	3.678500e-02
3.964600e-03	3.680536e-02
3.973743e-03	3.682571e-02
3.982906e-03	3.684605e-02
3.992091e-03	3.686637e-02
4.001296e-03	3.688667e-02
4.010524e-03	3.690697e-02
4.019772e-03	3.692726e-02
4.029041e-03	3.694754e-02
4.038332e-03	3.696781e-02
4.047645e-03	3.698807e-02
4.056979e-03	3.700833e-02
4.066334e-03	3.702857e-02
4.075711e-03	3.704880e-02
4.085110e-03	3.706903e-02
4.094530e-03	3.708924e-02
4.103972e-03	3.710945e-02
4.113436e-03	3.712965e-02
4.122922e-03	3.714983e-02
4.132429e-03	3.717001e-02
4.141958e-03	3.719018e-02
4.151510e-03	3.721034e-02
4.161083e-03	3.723048e-02
4.170679e-03	3.725062e-02
4.180296e-03	3.727075e-02
4.189936e-03	3.729086e-02
4.199598e-03	3.731097e-02
4.209282e-03	3.733107e-02
4.218989e-03	3.735115e-02
4.228718e-03	3.737123e-02
4.238470e-03	3.739129e-02
4.248244e-03	3.741134e-02
4.258040e-03	3.743139e-02
4.267859e-03	3.745142e-02
4.277701e-03	3.747144e-02
4.287565e-03	3.749145e-02
4.297452e-03	3.751145e-02
4.307362e-03	3.753142e-02
4.317295e-03	3.755138e-02
4.327251e-03	3.757133e-02
4.337230e-03	3.759128e-02
4.347231e-03	3.761121e-02
4.357256e-03	3.763113e-02
4.367304e-03	3.765104e-02
4.377375e-03	3.767094e-02
4.387469e-03	3.769083e-02
4.397587e-03	3.771071e-02
4.407728e-03	3.773058e-02
4.417892e-03	3.775044e-02
4.428079e-03	3.777029e-02
4.438291e-03	3.779013e-02
4.448525e-03	3.780995e-02
4.458784e-03	3.782977e-02
4.469066e-03	3.784957e-02
4.479371e-03	3.786937e-02
4.489701e-03	3.788915e-02
4.500054e-03	3.790892e-02
4.510431e-03	3.792868e-02
4.520832e-03	3.794843e-02
4.531257e-03	3.796816e-02
4.541707e-03	3.798789e-02
4.552180e-03	3.800760e-02
4.562677e-03	3.802730e-02
4.573199e-03	3.804699e-02
4.583745e-03	3.806667e-02
4.594315e-03	3.808634e-02
4.604909e-03	3.810599e-02
4.615528e-03	3.812563e-02
4.626172e-03	3.814526e-02
4.636840e-03	3.816488e-02
4.647532e-03	3.818448e-02
4.658249e-03	3.820405e-02
4.668991e-03	3.822362e-02
4.679758e-03	3.824318e-02
4.690550e-03	3.826272e-02
4.701366e-03	3.828225e-02
4.712208e-03	3.830177e-02
4.723074e-03	3.832128e-02
4.733965e-03	3.834078e-02
4.744882e-03	3.836027e-02
4.755824e-03	3.837974e-02
4.766791e-03	3.839921e-02
4.777783e-03	3.841866e-02
4.788800e-03	3.843810e-02
4.799843e-03	3.845752e-02
4.810912e-03	3.847694e-02
4.822006e-03	3.849634e-02
4.833126e-03	3.851574e-02
4.844271e-03	3.853511e-02
4.855442e-03	3.855448e-02
4.866638e-03	3.857383e-02
4.877861e-03	3.859318e-02
4.889109e-03	3.861251e-02
4.900384e-03	3.863182e-02
4.911684e-03	3.865113e-02
4.923010e-03	3.867042e-02
4.934363e-03	3.868969e-02
4.945741e-03	3.870896e-02
4.957146e-03	3.872821e-02
4.968578e-03	3.874745e-02
4.980035e-03	3.876668e-02
4.991519e-03	3.878589e-02
5.003030e-03	3.880509e-02
5.014567e-03	3.882427e-02
5.026130e-03	3.884342e-02
5.037721e-03	3.886257e-02
5.049338e-03	3.888170e-02
5.060981e-03	3.890082e-02
5.072652e-03	3.891992e-02
5.084350e-03	3.893902e-02
5.096074e-03	3.895810e-02
5.107826e-03	3.897717e-02
5.119605e-03	3.899623e-02
5.131410e-03	3.901527e-02
5.143243e-03	3.903430e-02
5.155104e-03	3.905332e-02
5.166991e-03	3.907233e-02
5.178907e-03	3.909132e-02
5.190849e-03	3.911030e-02
5.202819e-03	3.912927e-02
5.214817e-03	3.914822e-02
5.226842e-03	3.916716e-02
5.238896e-03	3.918609e-02
5.250977e-03	3.920500e-02
5.263085e-03	3.922390e-02
5.275222e-03	3.924279e-02
5.287387e-03	3.926166e-02
5.299580e-03	3.928052e-02
5.311800e-03	3.929936e-02
5.324049e-03	3.931819e-02
5.336327e-03	3.933701e-02
5.348632e-03	3.935581e-02
5.360966e-03	3.937460e-02
5.373329e-03	3.939338e-02
5.385720e-03	3.941214e-02
5.398139e-03	3.943088e-02
5.410587e-03	3.944962e-02
5.423064e-03	3.946832e-02
5.435570e-03	3.948700e-02
5.448104e-03	3.950568e-02
5.460668e-03	3.952434e-02
5.473260e-03	3.954298e-02
5.485881e-03	3.956162e-02
5.498532e-03	3.958024e-02
5.511212e-03	3.959885e-02
5.523920e-03	3.961744e-02
5.536659e-03	3.963602e-02
5.549426e-03	3.965459e-02
5.562223e-03	3.967314e-02
5.575050e-03	3.969168e-02
5.587906e-03	3.971020e-02
5.600792e-03	3.972871e-02
5.613707e-03	3.974721e-02
5.626652e-03	3.976569e-02
5.639627e-03	3.978416e-02
5.652632e-03	3.980262e-02
5.665668e-03	3.982106e-02
5.678733e-03	3.983948e-02
5.691828e-03	3.985790e-02
5.704953e-03	3.987629e-02
5.718109e-03	3.989467e-02
5.731295e-03	3.991304e-02
5.744511e-03	3.993140e-02
5.757758e-03	3.994973e-02
5.771036e-03	3.996806e-02
5.784344e-03	3.998637e-02
5.797682e-03	4.000466e-02
5.811052e-03	4.002294e-02
5.824452e-03	4.004120e-02
5.837883e-03	4.005945e-02
5.851346e-03	4.007767e-02
5.864839e-03	4.009587e-02
5.878363e-03	4.011405e-02
5.891919e-03	4.013223e-02
5.905506e-03	4.015038e-02
5.919124e-03	4.016853e-02
5.932773e-03	4.018666e-02
5.946454e-03	4.020478e-02
5.960167e-03	4.022288e-02
5.973911e-03	4.024096e-02
5.987687e-03	4.025904e-02
6.001495e-03	4.027710e-02
6.015334e-03	4.029514e-02
6.029206e-03	4.031317e-02
6.043109e-03	4.033118e-02
6.057044e-03	4.034918e-02
6.071012e-03	4.036717e-02
6.085012e-03	4.038514e-02
6.099044e-03	4.040309e-02
6.113108e-03	4.042103e-02
6.127205e-03	4.043896e-02
6.141335e-03	4.045687e-02
6.155496e-03	4.047476e-02
6.169691e-03	4.049264e-02
6.183918e-03	4.051051e-02
6.198179e-03	4.052835e-02
6.212472e-03	4.054619e-02
6.226798e-03	4.056400e-02
6.241157e-03	4.058181e-02
6.255549e-03	4.059959e-02
6.269974e-03	4.061736e-02
6.284433e-03	4.063512e-02
6.298925e-03	4.065286e-02
6.313450e-03	4.067057e-02
6.328009e-03	4.068826e-02
6.342601e-03	4.070593e-02
6.357228e-03	4.072359e-02
6.371887e-03	4.074124e-02
6.386581e-03	4.075887e-02
6.401308e-03	4.077648e-02
6.416070e-03	4.079408e-02
6.430865e-03	4.081167e-02
6.445695e-03	4.082924e-02
6.460559e-03	4.084680e-02
6.475457e-03	4.086434e-02
6.490389e-03	4.088186e-02
6.505356e-03	4.089937e-02
6.520358e-03	4.091687e-02
6.535394e-03	4.093435e-02
6.550464e-03	4.095181e-02
6.565570e-03	4.096926e-02
6.580710e-03	4.098670e-02
6.595885e-03	4.100412e-02
6.611095e-03	4.102152e-02
6.626341e-03	4.103891e-02
6.641621e-03	4.105628e-02
6.656937e-03	4.107363e-02
6.672288e-03	4.109097e-02
6.687674e-03	4.110829e-02
6.703096e-03	4.112560e-02
6.718553e-03	4.114289e-02
6.734046e-03	4.116017e-02
6.749575e-03	4.117743e-02
6.765140e-03	4.119467e-02
6.780740e-03	4.121190e-02
6.796376e-03	4.122911e-02
6.812049e-03	4.124630e-02
6.827758e-03	4.126346e-02
6.843502e-03	4.128060e-02
6.859284e-03	4.129773e-02
6.875101e-03	4.131484e-02
6.890955e-03	4.133194e-02
6.906846e-03	4.134902e-02
6.922773e-03	4.136609e-02
6.938737e-03	4.138315e-02
6.954738e-03	4.140018e-02
6.970775e-03	4.141721e-02
6.986850e-03	4.143421e-02
7.002962e-03	4.145120e-02
7.019111e-03	4.146818e-02
7.035297e-03	4.148514e-02
7.051520e-03	4.150209e-02
7.067781e-03	4.151901e-02
7.084080e-03	4.153593e-02
7.100415e-03	4.155283e-02
7.116789e-03	4.156971e-02
7.133200e-03	4.158657e-02
7.149650e-03	4.160342e-02
7.166137e-03	4.162026e-02
7.182662e-03	4.163707e-02
7.199225e-03	4.165387e-02
7.215827e-03	4.167066e-02
7.232466e-03	4.168743e-02
7.249145e-03	4.170418e-02
7.265861e-03	4.172092e-02
7.282616e-03	4.173764e-02
7.299410e-03	4.175434e-02
7.316243e-03	4.177103e-02
7.333114e-03	4.178770e-02
7.350024e-03	4.180435e-02
7.366973e-03	4.182098e-02
7.383962e-03	4.183758e-02
7.400989e-03	4.185416e-02
7.418056e-03	4.187074e-02
7.435162e-03	4.188729e-02
7.452307e-03	4.190383e-02
7.469493e-03	4.192036e-02
7.486717e-03	4.193687e-02
7.503982e-03	4.195337e-02
7.521286e-03	4.196985e-02
7.538630e-03	4.198631e-02
7.556014e-03	4.200276e-02
7.573438e-03	4.201919e-02
7.590903e-03	4.203561e-02
7.608407e-03	4.205201e-02
7.625953e-03	4.206840e-02
7.643538e-03	4.208477e-02
7.661164e-03	4.210112e-02
7.678831e-03	4.211746e-02
7.696538e-03	4.213379e-02
7.714287e-03	4.215009e-02
7.732076e-03	4.216638e-02
7.749906e-03	4.218266e-02
7.767777e-03	4.219892e-02
7.785690e-03	4.221516e-02
7.803644e-03	4.223138e-02
7.821639e-03	4.224759e-02
7.839676e-03	4.226379e-02
7.857754e-03	4.227996e-02
7.875874e-03	4.229613e-02
7.894036e-03	4.231227e-02
7.912240e-03	4.232840e-02
7.930485e-03	4.234451e-02
7.948773e-03	4.236060e-02
7.967103e-03	4.237666e-02
7.985475e-03	4.239270e-02
8.003890e-03	4.240873e-02
8.022347e-03	4.242474e-02
8.040846e-03	4.244074e-02
8.059389e-03	4.245673e-02
8.077974e-03	4.247270e-02
8.096602e-03	4.248865e-02
8.115272e-03	4.250459e-02
8.133986e-03	4.252051e-02
8.152743e-03	4.253642e-02
8.171544e-03	4.255231e-02
8.190387e-03	4.256819e-02
8.209274e-03	4.258405e-02
8.228205e-03	4.259990e-02
8.247179e-03	4.261573e-02
8.266197e-03	4.263154e-02
8.285259e-03	4.264734e-02
8.304365e-03	4.266313e-02
8.323515e-03	4.267890e-02
8.342709e-03	4.269465e-02
8.361947e-03	4.271039e-02
8.381230e-03	4.272611e-02
8.400557e-03	4.274181e-02
8.419929e-03	4.275750e-02
8.439346e-03	4.277318e-02
8.458807e-03	4.278883e-02
8.478313e-03	4.280447e-02
8.497864e-03	4.282010e-02
8.517460e-03	4.283571e-02
8.537101e-03	4.285130e-02
8.556788e-03	4.286688e-02
8.576520e-03	4.288244e-02
8.596298e-03	4.289797e-02
8.616121e-03	4.291348e-02
8.635989e-03	4.292898e-02
8.655904e-03	4.294446e-02
8.675865e-03	4.295992e-02
8.695871e-03	4.297538e-02
8.715924e-03	4.299082e-02
8.736023e-03	4.300624e-02
8.756168e-03	4.302165e-02
8.776360e-03	4.303704e-02
8.796599e-03	4.305242e-02
8.816884e-03	4.306779e-02
8.837215e-03	4.308314e-02
8.857594e-03	4.309848e-02
8.878020e-03	4.311380e-02
8.898493e-03	4.312910e-02
8.919012e-03	4.314439e-02
8.939580e-03	4.315967e-02
8.960195e-03	4.317493e-02
8.980857e-03	4.319018e-02
9.001567e-03	4.320541e-02
9.022324e-03	4.322062e-02
9.043130e-03	4.323583e-02
9.063984e-03	4.325101e-02
9.084885e-03	4.326618e-02
9.105835e-03	4.328134e-02
9.126833e-03	4.329648e-02
9.147880e-03	4.331161e-02
9.168975e-03	4.332672e-02
9.190118e-03	4.334181e-02
9.211311e-03	4.335689e-02
9.232552e-03	4.337196e-02
9.253843e-03	4.338701e-02
9.275182e-03	4.340203e-02
9.296571e-03	4.341703e-02
9.318009e-03	4.343201e-02
9.339496e-03	4.344699e-02
9.361033e-03	4.346195e-02
9.382620e-03	4.347689e-02
9.404256e-03	4.349182e-02
9.425942e-03	4.350674e-02
9.447679e-03	4.352165e-02
9.469465e-03	4.353654e-02
9.491302e-03	4.355142e-02
9.513189e-03	4.356628e-02
9.535126e-03	4.358113e-02
9.557114e-03	4.359597e-02
9.579153e-03	4.361079e-02
9.601243e-03	4.362560e-02
9.623383e-03	4.364040e-02
9.645575e-03	4.365518e-02
9.667817e-03	4.366995e-02
9.690112e-03	4.368470e-02
9.712457e-03	4.369944e-02
9.734854e-03	4.371417e-02
9.757303e-03	4.372888e-02
9.779803e-03	4.374358e-02
9.802355e-03	4.375827e-02
9.824960e-03	4.377294e-02
9.847616e-03	4.378759e-02
9.870325e-03	4.380224e-02
9.893086e-03	4.381687e-02
9.915899e-03	4.383148e-02
9.938766e-03	4.384608e-02
9.961684e-03	4.386067e-02
9.984656e-03	4.387525e-02
1.000768e-02	4.388980e-02
1.003076e-02	4.390433e-02
1.005389e-02	4.391884e-02
1.007707e-02	4.393334e-02
1.010031e-02	4.394783e-02
1.012360e-02	4.396231e-02
1.014695e-02	4.397677e-02
1.017035e-02	4.399123e-02
1.019380e-02	4.400567e-02
1.021731e-02	4.402010e-02
1.024087e-02	4.403451e-02
1.026448e-02	4.404892e-02
1.028815e-02	4.406331e-02
1.031188e-02	4.407769e-02
1.033566e-02	4.409206e-02
1.035949e-02	4.410642e-02
1.038338e-02	4.412076e-02
1.040732e-02	4.413509e-02
1.043132e-02	4.414942e-02
1.045538e-02	4.416372e-02
1.047949e-02	4.417802e-02
1.050365e-02	4.419230e-02
1.052788e-02	4.420657e-02
1.055215e-02	4.422083e-02
1.057649e-02	4.423508e-02
1.060088e-02	4.424932e-02
1.062532e-02	4.426354e-02
1.064982e-02	4.427775e-02
1.067438e-02	4.429195e-02
1.069900e-02	4.430614e-02
1.072367e-02	4.432031e-02
1.074840e-02	4.433447e-02
1.077318e-02	4.434863e-02
1.079803e-02	4.436276e-02
1.082293e-02	4.437687e-02
1.084789e-02	4.439096e-02
1.087290e-02	4.440505e-02
1.089797e-02	4.441912e-02
1.092311e-02	4.443319e-02
1.094829e-02	4.444725e-02
1.097354e-02	4.446129e-02
1.099885e-02	4.447533e-02
1.102421e-02	4.448935e-02
1.104963e-02	4.450337e-02
1.107511e-02	4.451737e-02
1.110065e-02	4.453137e-02
1.112625e-02	4.454535e-02
1.115191e-02	4.455933e-02
1.117762e-02	4.457329e-02
1.120340e-02	4.458725e-02
1.122923e-02	4.460119e-02
1.125513e-02	4.461513e-02
1.128108e-02	4.462905e-02
1.130710e-02	4.464297e-02
1.133317e-02	4.465687e-02
1.135931e-02	4.467077e-02
1.138550e-02	4.468466e-02
1.141176e-02	4.469853e-02
1.143807e-02	4.471240e-02
1.146445e-02	4.472626e-02
1.149088e-02	4.474010e-02
1.151738e-02	4.475394e-02
1.154394e-02	4.476777e-02
1.157056e-02	4.478159e-02
1.159724e-02	4.479540e-02
1.162399e-02	4.480920e-02
1.165079e-02	4.482299e-02
1.167766e-02	4.483675e-02
1.170459e-02	4.485050e-02
1.173158e-02	4.486424e-02
1.175863e-02	4.487798e-02
1.178575e-02	4.489171e-02
1.181293e-02	4.490543e-02
1.184017e-02	4.491914e-02
1.186747e-02	4.493285e-02
1.189484e-02	4.494654e-02
1.192227e-02	4.496024e-02
1.194976e-02	4.497392e-02
1.197731e-02	4.498760e-02
1.200493e-02	4.500127e-02
1.203262e-02	4.501493e-02
1.206037e-02	4.502858e-02
1.208818e-02	4.504223e-02
1.211605e-02	4.505587e-02
1.214399e-02	4.506951e-02
1.217200e-02	4.508314e-02
1.220006e-02	4.509676e-02
1.222820e-02	4.511037e-02
1.225640e-02	4.512398e-02
1.228466e-02	4.513758e-02
1.231299e-02	4.515117e-02
1.234138e-02	4.516475e-02
1.236984e-02	4.517833e-02
1.239837e-02	4.519191e-02
1.242696e-02	4.520547e-02
1.245561e-02	4.521903e-02
1.248434e-02	4.523259e-02
1.251313e-02	4.524613e-02
1.254198e-02	4.525967e-02
1.257090e-02	4.527321e-02
1.259989e-02	4.528673e-02
1.262895e-02	4.530023e-02
1.265807e-02	4.531372e-02
1.268726e-02	4.532721e-02
1.271652e-02	4.534070e-02
1.274584e-02	4.535419e-02
1.277523e-02	4.536767e-02
1.280469e-02	4.538114e-02
1.283422e-02	4.539461e-02
1.286382e-02	4.540808e-02
1.289348e-02	4.542155e-02
1.292321e-02	4.543501e-02
1.295301e-02	4.544846e-02
1.298288e-02	4.546192e-02
1.301282e-02	4.547537e-02
1.304283e-02	4.548881e-02
1.307291e-02	4.550226e-02
1.310305e-02	4.551570e-02
1.313327e-02	4.552913e-02
1.316355e-02	4.554256e-02
1.319391e-02	4.555599e-02
1.322433e-02	4.556942e-02
1.325483e-02	4.558284e-02
1.328539e-02	4.559626e-02
1.331603e-02	4.560968e-02
1.334674e-02	4.562309e-02
1.337752e-02	4.563650e-02
1.340836e-02	4.564991e-02
1.343928e-02	4.566332e-02
1.347027e-02	4.567672e-02
1.350134e-02	4.569012e-02
1.353247e-02	4.570352e-02
1.356368e-02	4.571692e-02
1.359496e-02	4.573031e-02
1.362631e-02	4.574368e-02
1.365773e-02	4.575705e-02
1.368922e-02	4.577042e-02
1.372079e-02	4.578379e-02
1.375243e-02	4.579716e-02
1.378414e-02	4.581053e-02
1.381593e-02	4.582389e-02
1.384779e-02	4.583726e-02
1.387972e-02	4.585063e-02
1.391173e-02	4.586401e-02
1.394381e-02	4.587738e-02
1.397596e-02	4.589075e-02
1.400819e-02	4.590412e-02
1.404050e-02	4.591749e-02
1.407287e-02	4.593087e-02
1.410533e-02	4.594424e-02
1.413785e-02	4.595762e-02
1.417045e-02	4.597100e-02
1.420313e-02	4.598437e-02
1.423588e-02	4.599775e-02
1.426871e-02	4.601113e-02
1.430162e-02	4.602452e-02
1.433460e-02	4.603790e-02
1.436765e-02	4.605128e-02
1.440078e-02	4.606467e-02
1.443399e-02	4.607806e-02
1.446728e-02	4.609145e-02
1.450064e-02	4.610484e-02
1.453408e-02	4.611824e-02
1.456759e-02	4.613164e-02
1.460119e-02	4.614504e-02
1.463486e-02	4.615844e-02
1.466860e-02	4.617184e-02
1.470243e-02	4.618523e-02
1.473633e-02	4.619862e-02
1.477032e-02	4.621201e-02
1.480438e-02	4.622541e-02
1.483852e-02	4.623882e-02
1.487273e-02	4.625223e-02
1.490703e-02	4.626564e-02
1.494141e-02	4.627906e-02
1.497586e-02	4.629248e-02
1.501040e-02	4.630591e-02
1.504501e-02	4.631935e-02
1.507970e-02	4.633279e-02
1.511448e-02	4.634624e-02
1.514933e-02	4.635969e-02
1.518427e-02	4.637315e-02
1.521928e-02	4.638662e-02
1.525438e-02	4.640009e-02
1.528955e-02	4.641357e-02
1.532481e-02	4.642706e-02
1.536015e-02	4.644055e-02
1.539557e-02	4.645405e-02
1.543107e-02	4.646755e-02
1.546666e-02	4.648106e-02
1.550232e-02	4.649458e-02
1.553807e-02	4.650811e-02
1.557390e-02	4.652164e-02
1.560982e-02	4.653519e-02
1.564581e-02	4.654873e-02
1.568189e-02	4.656229e-02
1.571805e-02	4.657586e-02
1.575430e-02	4.658943e-02
1.579063e-02	4.660301e-02
1.582704e-02	4.661660e-02
1.586354e-02	4.663019e-02
1.590012e-02	4.664377e-02
1.593679e-02	4.665737e-02
1.597354e-02	4.667097e-02
1.601037e-02	4.668459e-02
1.604729e-02	4.669822e-02
1.608430e-02	4.671186e-02
1.612139e-02	4.672551e-02
1.615857e-02	4.673917e-02
1.619583e-02	4.675285e-02
1.623317e-02	4.676653e-02
1.627061e-02	4.678023e-02
1.630813e-02	4.679394e-02
1.634574e-02	4.680766e-02
1.638343e-02	4.682140e-02
1.642121e-02	4.683514e-02
1.645908e-02	4.684890e-02
1.649703e-02	4.686267e-02
1.653507e-02	4.687646e-02
1.657320e-02	4.689026e-02
1.661142e-02	4.690407e-02
1.664973e-02	4.691789e-02
1.668812e-02	4.693173e-02
1.672661e-02	4.694558e-02
1.676518e-02	4.695944e-02
1.680384e-02	4.697332e-02
1.684259e-02	4.698721e-02
1.688143e-02	4.700112e-02
1.692035e-02	4.701504e-02
1.695937e-02	4.702898e-02
1.699848e-02	4.704293e-02
1.703768e-02	4.705690e-02
1.707697e-02	4.707088e-02
1.711635e-02	4.708487e-02
1.715582e-02	4.709886e-02
1.719538e-02	4.711287e-02
1.723503e-02	4.712689e-02
1.727478e-02	4.714093e-02
1.731461e-02	4.715499e-02
1.735454e-02	4.716907e-02
1.739456e-02	4.718317e-02
1.743467e-02	4.719728e-02
1.747488e-02	4.721142e-02
1.751517e-02	4.722557e-02
1.755556e-02	4.723974e-02
1.759605e-02	4.725394e-02
1.763662e-02	4.726815e-02
1.767729e-02	4.728238e-02
1.771806e-02	4.729663e-02
1.775892e-02	4.731090e-02
1.779987e-02	4.732519e-02
1.784092e-02	4.733950e-02
1.788206e-02	4.735383e-02
1.792329e-02	4.736818e-02
1.796462e-02	4.738255e-02
1.800605e-02	4.739694e-02
1.804757e-02	4.741136e-02
1.808919e-02	4.742579e-02
1.813090e-02	4.744025e-02
1.817271e-02	4.745473e-02
1.821462e-02	4.746923e-02
1.825662e-02	4.748375e-02
1.829872e-02	4.749829e-02
1.834092e-02	4.751286e-02
1.838322e-02	4.752745e-02
1.842561e-02	4.754207e-02
1.846810e-02	4.755670e-02
1.851068e-02	4.757135e-02
1.855337e-02	4.758601e-02
1.859615e-02	4.760070e-02
1.863904e-02	4.761541e-02
1.868202e-02	4.763015e-02
1.872510e-02	4.764492e-02
1.876828e-02	4.765971e-02
1.881156e-02	4.767453e-02
1.885494e-02	4.768938e-02
1.889842e-02	4.770425e-02
1.894200e-02	4.771915e-02
1.898568e-02	4.773408e-02
1.902946e-02	4.774904e-02
1.907334e-02	4.776402e-02
1.911733e-02	4.777904e-02
1.916141e-02	4.779408e-02
1.920560e-02	4.780915e-02
1.924989e-02	4.782424e-02
1.929428e-02	4.783937e-02
1.933877e-02	4.785453e-02
1.938336e-02	4.786971e-02
1.942806e-02	4.788493e-02
1.947286e-02	4.790017e-02
1.951777e-02	4.791545e-02
1.956278e-02	4.793075e-02
1.960789e-02	4.794609e-02
1.965310e-02	4.796146e-02
1.969842e-02	4.797685e-02
1.974385e-02	4.799228e-02
1.978938e-02	4.800774e-02
1.983501e-02	4.802324e-02
1.988075e-02	4.803876e-02
1.992660e-02	4.805432e-02
1.997255e-02	4.806990e-02
2.001861e-02	4.808550e-02
2.006477e-02	4.810114e-02
2.011104e-02	4.811681e-02
2.015741e-02	4.813251e-02
2.020390e-02	4.814825e-02
2.025049e-02	4.816403e-02
2.029719e-02	4.817985e-02
2.034399e-02	4.819570e-02
2.039090e-02	4.821158e-02
2.043793e-02	4.822751e-02
2.048506e-02	4.824347e-02
2.053229e-02	4.825946e-02
2.057964e-02	4.827550e-02
2.062710e-02	4.829157e-02
2.067466e-02	4.830768e-02
2.072234e-02	4.832383e-02
2.077013e-02	4.834002e-02
2.081802e-02	4.835624e-02
2.086603e-02	4.837251e-02
2.091415e-02	4.838881e-02
2.096237e-02	4.840516e-02
2.101071e-02	4.842154e-02
2.105916e-02	4.843797e-02
2.110773e-02	4.845443e-02
2.115640e-02	4.847094e-02
2.120519e-02	4.848748e-02
2.125409e-02	4.850407e-02
2.130310e-02	4.852070e-02
2.135223e-02	4.853737e-02
2.140146e-02	4.855408e-02
2.145082e-02	4.857083e-02
2.150028e-02	4.858763e-02
2.154986e-02	4.860447e-02
2.159956e-02	4.862133e-02
2.164936e-02	4.863824e-02
2.169929e-02	4.865519e-02
2.174933e-02	4.867219e-02
2.179948e-02	4.868923e-02
2.184975e-02	4.870632e-02
2.190014e-02	4.872346e-02
2.195064e-02	4.874064e-02
2.200126e-02	4.875788e-02
2.205199e-02	4.877515e-02
2.210284e-02	4.879248e-02
2.215381e-02	4.880986e-02
2.220490e-02	4.882728e-02
2.225610e-02	4.884475e-02
2.230743e-02	4.886227e-02
2.235887e-02	4.887984e-02
2.241043e-02	4.889746e-02
2.246211e-02	4.891513e-02
2.251390e-02	4.893285e-02
2.256582e-02	4.895062e-02
2.261786e-02	4.896844e-02
2.267002e-02	4.898631e-02
2.272229e-02	4.900424e-02
2.277469e-02	4.902221e-02
2.282721e-02	4.904024e-02
2.287985e-02	4.905832e-02
2.293261e-02	4.907645e-02
2.298549e-02	4.909463e-02
2.303850e-02	4.911287e-02
2.309162e-02	4.913116e-02
2.314487e-02	4.914951e-02
2.319825e-02	4.916790e-02
2.325174e-02	4.918636e-02
2.330536e-02	4.920485e-02
2.335910e-02	4.922339e-02
2.341297e-02	4.924199e-02
2.346696e-02	4.926065e-02
2.352107e-02	4.927937e-02
2.357531e-02	4.929815e-02
2.362968e-02	4.931698e-02
2.368417e-02	4.933587e-02
2.373878e-02	4.935482e-02
2.379353e-02	4.937384e-02
2.384839e-02	4.939291e-02
2.390339e-02	4.941204e-02
2.395851e-02	4.943123e-02
2.401376e-02	4.945048e-02
2.406914e-02	4.946980e-02
2.412464e-02	4.948917e-02
2.418027e-02	4.950861e-02
2.423603e-02	4.952811e-02
2.429192e-02	4.954767e-02
2.434794e-02	4.956730e-02
2.440408e-02	4.958699e-02
2.446036e-02	4.960674e-02
2.451676e-02	4.962655e-02
2.457330e-02	4.964643e-02
2.462997e-02	4.966638e-02
2.468676e-02	4.968639e-02
2.474369e-02	4.970646e-02
2.480075e-02	4.972660e-02
2.485794e-02	4.974681e-02
2.491526e-02	4.976708e-02
2.497272e-02	4.978742e-02
2.503031e-02	4.980783e-02
2.508803e-02	4.982830e-02
2.514588e-02	4.984884e-02
2.520387e-02	4.986943e-02
2.526199e-02	4.989009e-02
2.532024e-02	4.991082e-02
2.537863e-02	4.993163e-02
2.543715e-02	4.995250e-02
2.549581e-02	4.997345e-02
2.555460e-02	4.999447e-02
2.561353e-02	5.001556e-02
2.567260e-02	5.003672e-02
2.573180e-02	5.005796e-02
2.579114e-02	5.007927e-02
2.585061e-02	5.010066e-02
2.591022e-02	5.012212e-02
2.596997e-02	5.014365e-02
2.602986e-02	5.016526e-02
2.608988e-02	5.018695e-02
2.615005e-02	5.020871e-02
2.621035e-02	5.023055e-02
2.627079e-02	5.025246e-02
2.633137e-02	5.027446e-02
2.639209e-02	5.029652e-02
2.645295e-02	5.031867e-02
2.651395e-02	5.034090e-02
2.657509e-02	5.036320e-02
2.663638e-02	5.038558e-02
2.669780e-02	5.040805e-02
2.675937e-02	5.043059e-02
2.682107e-02	5.045321e-02
2.688292e-02	5.047591e-02
2.694492e-02	5.049870e-02
2.700705e-02	5.052156e-02
2.706933e-02	5.054451e-02
2.713175e-02	5.056754e-02
2.719432e-02	5.059063e-02
2.725703e-02	5.061381e-02
2.731988e-02	5.063708e-02
2.738288e-02	5.066043e-02
2.744603e-02	5.068386e-02
2.750932e-02	5.070738e-02
2.757275e-02	5.073099e-02
2.763634e-02	5.075469e-02
2.770007e-02	5.077847e-02
2.776394e-02	5.080235e-02
2.782797e-02	5.082631e-02
2.789214e-02	5.085036e-02
2.795646e-02	5.087450e-02
2.802093e-02	5.089872e-02
2.808554e-02	5.092304e-02
2.815031e-02	5.094745e-02
2.821522e-02	5.097195e-02
2.828029e-02	5.099655e-02
2.834550e-02	5.102123e-02
2.841087e-02	5.104601e-02
2.847638e-02	5.107087e-02
2.854205e-02	5.109584e-02
2.860787e-02	5.112089e-02
2.867384e-02	5.114604e-02
2.873996e-02	5.117129e-02
2.880623e-02	5.119663e-02
2.887266e-02	5.122206e-02
2.893924e-02	5.124759e-02
2.900598e-02	5.127322e-02
2.907286e-02	5.129894e-02
2.913991e-02	5.132476e-02
2.920710e-02	5.135068e-02
2.927446e-02	5.137670e-02
2.934196e-02	5.140280e-02
2.940963e-02	5.142900e-02
2.947744e-02	5.145530e-02
2.954542e-02	5.148170e-02
2.961355e-02	5.150820e-02
2.968184e-02	5.153481e-02
2.975029e-02	5.156151e-02
2.981889e-02	5.158833e-02
2.988765e-02	5.161524e-02
2.995658e-02	5.164226e-02
3.002566e-02	5.166938e-02
3.009489e-02	5.169661e-02
3.016429e-02	5.172395e-02
3.023385e-02	5.175139e-02
3.030357e-02	5.177894e-02
3.037345e-02	5.180659e-02
3.044349e-02	5.183435e-02
3.051370e-02	5.186222e-02
3.058406e-02	5.189020e-02
3.065459e-02	5.191829e-02
3.072528e-02	5.194649e-02
3.079613e-02	5.197479e-02
3.086715e-02	5.200321e-02
3.093833e-02	5.203174e-02
3.100967e-02	5.206038e-02
3.108118e-02	5.208913e-02
3.115285e-02	5.211799e-02
3.122469e-02	5.214697e-02
3.129670e-02	5.217606e-02
3.136887e-02	5.220526e-02
3.144120e-02	5.223458e-02
3.151371e-02	5.226401e-02
3.158638e-02	5.229356e-02
3.165922e-02	5.232321e-02
3.173222e-02	5.235298e-02
3.180540e-02	5.238286e-02
3.187874e-02	5.241286e-02
3.195225e-02	5.244298e-02
3.202594e-02	5.247322e-02
3.209979e-02	5.250358e-02
3.217381e-02	5.253406e-02
3.224800e-02	5.256467e-02
3.232237e-02	5.259539e-02
3.239690e-02	5.262624e-02
3.247161e-02	5.265721e-02
3.254649e-02	5.268830e-02
3.262154e-02	5.271951e-02
3.269677e-02	5.275085e-02
3.277217e-02	5.278232e-02
3.284774e-02	5.281391e-02
3.292349e-02	5.284562e-02
3.299941e-02	5.287747e-02
3.307551e-02	5.290944e-02
3.315178e-02	5.294153e-02
3.322823e-02	5.297376e-02
3.330485e-02	5.300611e-02
3.338165e-02	5.303859e-02
3.345863e-02	5.307120e-02
3.353579e-02	5.310394e-02
3.361312e-02	5.313681e-02
3.369063e-02	5.316981e-02
3.376832e-02	5.320295e-02
3.384619e-02	5.323621e-02
3.392424e-02	5.326961e-02
3.400247e-02	5.330315e-02
3.408088e-02	5.333681e-02
3.415947e-02	5.337061e-02
3.423825e-02	5.340453e-02
3.431720e-02	5.343859e-02
3.439634e-02	5.347278e-02
3.447565e-02	5.350711e-02
3.455515e-02	5.354158e-02
3.463484e-02	5.357619e-02
3.471471e-02	5.361094e-02
3.479476e-02	5.364583e-02
3.487500e-02	5.368086e-02
3.495542e-02	5.371603e-02
3.503603e-02	5.375134e-02
3.511682e-02	5.378679e-02
3.519780e-02	5.382239e-02
3.527897e-02	5.385812e-02
3.536032e-02	5.389401e-02
3.544186e-02	5.393003e-02
3.552359e-02	5.396620e-02
3.560551e-02	5.400252e-02
3.568761e-02	5.403898e-02
3.576991e-02	5.407559e-02
3.585240e-02	5.411235e-02
3.593507e-02	5.414925e-02
3.601794e-02	5.418630e-02
3.610100e-02	5.422350e-02
3.618424e-02	5.426085e-02
3.626769e-02	5.429835e-02
3.635132e-02	5.433600e-02
3.643515e-02	5.437380e-02
3.651917e-02	5.441175e-02
3.660338e-02	5.444986e-02
3.668779e-02	5.448812e-02
3.677239e-02	5.452653e-02
3.685719e-02	5.456509e-02
3.694218e-02	5.460380e-02
3.702737e-02	5.464266e-02
3.711275e-02	5.468168e-02
3.719834e-02	5.472086e-02
3.728412e-02	5.476019e-02
3.737009e-02	5.479968e-02
3.745627e-02	5.483934e-02
3.754264e-02	5.487915e-02
3.762922e-02	5.491912e-02
3.771599e-02	5.495925e-02
3.780296e-02	5.499954e-02
3.789014e-02	5.504000e-02
3.797751e-02	5.508062e-02
3.806509e-02	5.512140e-02
3.815287e-02	5.516234e-02
3.824085e-02	5.520345e-02
3.832903e-02	5.524472e-02
3.841742e-02	5.528616e-02
3.850601e-02	5.532777e-02
3.859480e-02	5.536954e-02
3.868380e-02	5.541148e-02
3.877301e-02	5.545358e-02
3.886242e-02	5.549586e-02
3.895204e-02	5.553830e-02
3.904186e-02	5.558091e-02
3.913189e-02	5.562370e-02
3.922213e-02	5.566665e-02
3.931258e-02	5.570977e-02
3.940323e-02	5.575307e-02
3.949410e-02	5.579654e-02
3.958517e-02	5.584018e-02
3.967645e-02	5.588400e-02
3.976795e-02	5.592799e-02
3.985965e-02	5.597215e-02
3.995157e-02	5.601649e-02
4.004370e-02	5.606100e-02
4.013604e-02	5.610568e-02
4.022859e-02	5.615055e-02
4.032136e-02	5.619560e-02
4.041434e-02	5.624082e-02
4.050754e-02	5.628622e-02
4.060095e-02	5.633181e-02
4.069457e-02	5.637758e-02
4.078842e-02	5.642352e-02
4.088247e-02	5.646966e-02
4.097675e-02	5.651597e-02
4.107124e-02	5.656247e-02
4.116595e-02	5.660915e-02
4.126088e-02	5.665602e-02
4.135603e-02	5.670307e-02
4.145140e-02	5.675031e-02
4.154698e-02	5.679774e-02
4.164279e-02	5.684535e-02
4.173882e-02	5.689315e-02
4.183507e-02	5.694114e-02
4.193154e-02	5.698932e-02
4.202824e-02	5.703769e-02
4.212516e-02	5.708625e-02
4.222230e-02	5.713500e-02
4.231966e-02	5.718395e-02
4.241725e-02	5.723308e-02
4.251507e-02	5.728241e-02
4.261311e-02	5.733194e-02
4.271137e-02	5.738165e-02
4.280986e-02	5.743157e-02
4.290858e-02	5.748167e-02
4.300753e-02	5.753198e-02
4.310671e-02	5.758247e-02
4.320611e-02	5.763317e-02
4.330575e-02	5.768406e-02
4.340561e-02	5.773515e-02
4.350570e-02	5.778644e-02
4.360603e-02	5.783793e-02
4.370658e-02	5.788963e-02
4.380737e-02	5.794152e-02
4.390839e-02	5.799362e-02
4.400964e-02	5.804592e-02
4.411113e-02	5.809842e-02
4.421285e-02	5.815113e-02
4.431481e-02	5.820405e-02
4.441700e-02	5.825717e-02
4.451942e-02	5.831049e-02
4.462208e-02	5.836403e-02
4.472498e-02	5.841777e-02
4.482812e-02	5.847172e-02
4.493149e-02	5.852588e-02
4.503511e-02	5.858024e-02
4.513896e-02	5.863482e-02
4.524305e-02	5.868961e-02
4.534738e-02	5.874461e-02
4.545195e-02	5.879982e-02
4.555676e-02	5.885525e-02
4.566182e-02	5.891089e-02
4.576711e-02	5.896674e-02
4.587265e-02	5.902280e-02
4.597843e-02	5.907909e-02
4.608446e-02	5.913559e-02
4.619073e-02	5.919230e-02
4.629725e-02	5.924923e-02
4.640401e-02	5.930638e-02
4.651102e-02	5.936375e-02
4.661827e-02	5.942133e-02
4.672578e-02	5.947914e-02
4.683353e-02	5.953717e-02
4.694152e-02	5.959541e-02
4.704977e-02	5.965388e-02
4.715827e-02	5.971258e-02
4.726702e-02	5.977149e-02
4.737601e-02	5.983063e-02
4.748526e-02	5.989000e-02
4.759476e-02	5.994959e-02
4.770452e-02	6.000940e-02
4.781453e-02	6.006944e-02
4.792479e-02	6.012971e-02
4.803530e-02	6.019021e-02
4.814607e-02	6.025093e-02
4.825710e-02	6.031189e-02
4.836838e-02	6.037307e-02
4.847992e-02	6.043449e-02
4.859171e-02	6.049613e-02
4.870376e-02	6.055801e-02
4.881607e-02	6.062012e-02
4.892864e-02	6.068246e-02
4.904147e-02	6.074504e-02
4.915456e-02	6.080785e-02
4.926792e-02	6.087089e-02
4.938153e-02	6.093418e-02
4.949540e-02	6.099769e-02
4.960954e-02	6.106145e-02
4.972394e-02	6.112544e-02
4.983860e-02	6.118967e-02
4.995353e-02	6.125414e-02
5.006872e-02	6.131884e-02
5.018418e-02	6.138379e-02
5.029991e-02	6.144898e-02
5.041590e-02	6.151441e-02
5.053216e-02	6.158009e-02
5.064869e-02	6.164600e-02
5.076548e-02	6.171216e-02
5.088255e-02	6.177857e-02
5.099988e-02	6.184521e-02
5.111749e-02	6.191210e-02
5.123537e-02	6.197924e-02
5.135352e-02	6.204663e-02
5.147194e-02	6.211426e-02
5.159063e-02	6.218214e-02
5.170960e-02	6.225027e-02
5.182884e-02	6.231864e-02
5.194836e-02	6.238727e-02
5.206816e-02	6.245614e-02
5.218822e-02	6.252527e-02
5.230857e-02	6.259465e-02
5.242920e-02	6.266428e-02
5.255010e-02	6.273416e-02
5.267128e-02	6.280430e-02
5.279274e-02	6.287469e-02
5.291448e-02	6.294533e-02
5.303650e-02	6.301624e-02
5.315880e-02	6.308739e-02
5.328139e-02	6.315881e-02
5.340425e-02	6.323048e-02
5.352741e-02	6.330240e-02
5.365084e-02	6.337459e-02
5.377456e-02	6.344704e-02
5.389856e-02	6.351974e-02
5.402285e-02	6.359271e-02
5.414743e-02	6.366593e-02
5.427230e-02	6.373943e-02
5.439745e-02	6.381318e-02
5.452289e-02	6.388720e-02
5.464862e-02	6.396148e-02
5.477464e-02	6.403603e-02
5.490095e-02	6.411084e-02
5.502755e-02	6.418591e-02
5.515445e-02	6.426125e-02
5.528163e-02	6.433685e-02
5.540911e-02	6.441273e-02
5.553689e-02	6.448886e-02
5.566495e-02	6.456527e-02
5.579332e-02	6.464195e-02
5.592198e-02	6.471889e-02
5.605093e-02	6.479610e-02
5.618019e-02	6.487359e-02
5.630974e-02	6.495134e-02
5.643959e-02	6.502937e-02
5.656974e-02	6.510767e-02
5.670019e-02	6.518624e-02
5.683094e-02	6.526508e-02
5.696200e-02	6.534420e-02
5.709335e-02	6.542360e-02
5.722501e-02	6.550327e-02
5.735697e-02	6.558321e-02
5.748923e-02	6.566343e-02
5.762181e-02	6.574393e-02
5.775468e-02	6.582470e-02
5.788786e-02	6.590576e-02
5.802135e-02	6.598709e-02
5.815515e-02	6.606870e-02
5.828926e-02	6.615059e-02
5.842367e-02	6.623276e-02
5.855840e-02	6.631522e-02
5.869344e-02	6.639797e-02
5.882878e-02	6.648100e-02
5.896444e-02	6.656430e-02
5.910041e-02	6.664789e-02
5.923670e-02	6.673177e-02
5.937330e-02	6.681592e-02
5.951022e-02	6.690037e-02
5.964745e-02	6.698509e-02
5.978500e-02	6.707010e-02
5.992286e-02	6.715540e-02
6.006104e-02	6.724098e-02
6.019954e-02	6.732685e-02
6.033836e-02	6.741301e-02
6.047750e-02	6.749946e-02
6.061697e-02	6.758619e-02
6.075675e-02	6.767321e-02
6.089686e-02	6.776053e-02
6.103728e-02	6.784813e-02
6.117804e-02	6.793603e-02
6.131911e-02	6.802421e-02
6.146052e-02	6.811269e-02
6.160224e-02	6.820146e-02
6.174430e-02	6.829053e-02
6.188668e-02	6.837988e-02
6.202939e-02	6.846954e-02
6.217243e-02	6.855948e-02
6.231580e-02	6.864972e-02
6.245950e-02	6.874026e-02
6.260354e-02	6.883110e-02
6.274790e-02	6.892223e-02
6.289260e-02	6.901365e-02
6.303763e-02	6.910538e-02
6.318299e-02	6.919741e-02
6.332869e-02	6.928975e-02
6.347473e-02	6.938239e-02
6.362110e-02	6.947533e-02
6.376781e-02	6.956856e-02
6.391486e-02	6.966210e-02
6.406225e-02	6.975593e-02
6.420998e-02	6.985007e-02
6.435805e-02	6.994450e-02
6.450646e-02	7.003924e-02
6.465521e-02	7.013428e-02
6.480431e-02	7.022962e-02
6.495375e-02	7.032527e-02
6.510353e-02	7.042121e-02
6.525366e-02	7.051747e-02
6.540413e-02	7.061402e-02
6.555496e-02	7.071088e-02
6.570613e-02	7.080805e-02
6.585765e-02	7.090552e-02
6.600951e-02	7.100330e-02
6.616173e-02	7.110139e-02
6.631430e-02	7.119978e-02
6.646722e-02	7.129848e-02
6.662050e-02	7.139749e-02
6.677412e-02	7.149681e-02
6.692811e-02	7.159644e-02
6.708244e-02	7.169637e-02
6.723714e-02	7.179662e-02
6.739218e-02	7.189718e-02
6.754759e-02	7.199804e-02
6.770336e-02	7.209922e-02
6.785948e-02	7.220071e-02
6.801597e-02	7.230251e-02
6.817281e-02	7.240464e-02
6.833002e-02	7.250709e-02
6.848759e-02	7.260985e-02
6.864552e-02	7.271293e-02
6.880382e-02	7.281632e-02
6.896248e-02	7.292002e-02
6.912151e-02	7.302403e-02
6.928090e-02	7.312836e-02
6.944067e-02	7.323300e-02
6.960080e-02	7.333795e-02
6.976130e-02	7.344322e-02
6.992217e-02	7.354880e-02
7.008341e-02	7.365470e-02
7.024502e-02	7.376091e-02
7.040701e-02	7.386745e-02
7.056936e-02	7.397429e-02
7.073210e-02	7.408146e-02
7.089521e-02	7.418894e-02
7.105869e-02	7.429674e-02
7.122255e-02	7.440485e-02
7.138679e-02	7.451329e-02
7.155141e-02	7.462204e-02
7.171641e-02	7.473112e-02
7.188179e-02	7.484051e-02
7.204755e-02	7.495022e-02
7.221369e-02	7.506026e-02
7.238022e-02	7.517061e-02
7.254713e-02	7.528128e-02
7.271442e-02	7.539228e-02
7.288210e-02	7.550359e-02
7.305017e-02	7.561523e-02
7.321862e-02	7.572719e-02
7.338746e-02	7.583947e-02
7.355669e-02	7.595207e-02
7.372632e-02	7.606503e-02
7.389633e-02	7.617831e-02
7.406674e-02	7.629191e-02
7.423753e-02	7.640583e-02
7.440873e-02	7.652007e-02
7.458031e-02	7.663464e-02
7.475230e-02	7.674952e-02
7.492468e-02	7.686473e-02
7.509745e-02	7.698026e-02
7.527063e-02	7.709611e-02
7.544420e-02	7.721228e-02
7.561818e-02	7.732878e-02
7.579255e-02	7.744560e-02
7.596733e-02	7.756275e-02
7.614251e-02	7.768021e-02
7.631810e-02	7.779800e-02
7.649409e-02	7.791612e-02
7.667048e-02	7.803456e-02
7.684729e-02	7.815333e-02
7.702450e-02	7.827242e-02
7.720212e-02	7.839183e-02
7.738015e-02	7.851157e-02
7.755858e-02	7.863164e-02
7.773744e-02	7.875203e-02
7.791670e-02	7.887274e-02
7.809638e-02	7.899379e-02
7.827647e-02	7.911515e-02
7.845697e-02	7.923685e-02
7.863789e-02	7.935887e-02
7.881923e-02	7.948122e-02
7.900099e-02	7.960389e-02
7.918317e-02	7.972689e-02
7.936577e-02	7.985022e-02
7.954878e-02	7.997390e-02
7.973222e-02	8.009792e-02
7.991609e-02	8.022227e-02
8.010037e-02	8.034694e-02
8.028509e-02	8.047193e-02
8.047022e-02	8.059725e-02
8.065579e-02	8.072289e-02
8.084178e-02	8.084885e-02
8.102820e-02	8.097514e-02
8.121506e-02	8.110175e-02
8.140234e-02	8.122869e-02
8.159005e-02	8.135595e-02
8.177820e-02	8.148354e-02
8.196678e-02	8.161145e-02
8.215580e-02	8.173968e-02
8.234525e-02	8.186824e-02
8.253514e-02	8.199713e-02
8.272546e-02	8.212634e-02
8.291623e-02	8.225587e-02
8.310744e-02	8.238573e-02
8.329908e-02	8.251592e-02
8.349117e-02	8.264643e-02
8.368370e-02	8.277726e-02
8.387668e-02	8.290842e-02
8.407010e-02	8.303990e-02
8.426396e-02	8.317171e-02
8.445828e-02	8.330384e-02
8.465304e-02	8.343630e-02
8.484825e-02	8.356908e-02
8.504391e-02	8.370218e-02
8.524002e-02	8.383561e-02
8.543659e-02	8.396937e-02
8.563360e-02	8.410345e-02
8.583107e-02	8.423787e-02
8.602900e-02	8.437264e-02
8.622738e-02	8.450774e-02
8.642623e-02	8.464315e-02
8.662553e-02	8.477889e-02
8.682528e-02	8.491494e-02
8.702550e-02	8.505131e-02
8.722619e-02	8.518801e-02
8.742733e-02	8.532502e-02
8.762894e-02	8.546234e-02
8.783101e-02	8.559999e-02
8.803355e-02	8.573796e-02
8.823656e-02	8.587624e-02
8.844003e-02	8.601484e-02
8.864397e-02	8.615376e-02
8.884839e-02	8.629300e-02
8.905327e-02	8.643256e-02
8.925863e-02	8.657243e-02
8.946446e-02	8.671262e-02
8.967077e-02	8.685312e-02
8.987755e-02	8.699395e-02
9.008481e-02	8.713509e-02
9.029254e-02	8.727654e-02
9.050076e-02	8.741831e-02
9.070945e-02	8.756040e-02
9.091863e-02	8.770280e-02
9.112829e-02	8.784552e-02
9.133843e-02	8.798855e-02
9.154906e-02	8.813190e-02
9.176017e-02	8.827556e-02
9.197177e-02	8.841953e-02
9.218386e-02	8.856382e-02
9.239644e-02	8.870842e-02
9.260950e-02	8.885333e-02
9.282306e-02	8.899859e-02
9.303711e-02	8.914416e-02
9.325166e-02	8.929004e-02
9.346669e-02	8.943623e-02
9.368223e-02	8.958273e-02
9.389826e-02	8.972953e-02
9.411479e-02	8.987663e-02
9.433182e-02	9.002405e-02
9.454935e-02	9.017177e-02
9.476738e-02	9.031979e-02
9.498592e-02	9.046812e-02
9.520496e-02	9.061675e-02
9.542450e-02	9.076569e-02
9.564455e-02	9.091493e-02
9.586511e-02	9.106447e-02
9.608617e-02	9.121432e-02
9.630775e-02	9.136446e-02
9.652983e-02	9.151491e-02
9.675243e-02	9.166566e-02
9.697554e-02	9.181671e-02
9.719917e-02	9.196805e-02
9.742331e-02	9.211970e-02
9.764797e-02	9.227164e-02
9.787315e-02	9.242389e-02
9.809884e-02	9.257642e-02
9.832506e-02	9.272926e-02
9.855180e-02	9.288239e-02
9.877906e-02	9.303581e-02
9.900685e-02	9.318953e-02
9.923516e-02	9.334354e-02
9.946399e-02	9.349784e-02
9.969336e-02	9.365244e-02
9.992325e-02	9.380732e-02
1.001537e-01	9.396253e-02
1.003846e-01	9.411804e-02
1.006161e-01	9.427384e-02
1.008481e-01	9.442992e-02
1.010807e-01	9.458628e-02
1.013138e-01	9.474292e-02
1.015474e-01	9.489984e-02
1.017816e-01	9.505704e-02
1.020163e-01	9.521452e-02
1.022515e-01	9.537228e-02
1.024873e-01	9.553031e-02
1.027237e-01	9.568863e-02
1.029606e-01	9.584721e-02
1.031980e-01	9.600608e-02
1.034360e-01	9.616522e-02
1.036745e-01	9.632463e-02
1.039136e-01	9.648431e-02
1.041532e-01	9.664426e-02
1.043934e-01	9.680449e-02
1.046341e-01	9.696498e-02
1.048754e-01	9.712575e-02
1.051172e-01	9.728678e-02
1.053596e-01	9.744807e-02
1.056026e-01	9.760964e-02
1.058461e-01	9.777146e-02
1.060902e-01	9.793355e-02
1.063348e-01	9.809591e-02
1.065800e-01	9.825852e-02
1.068258e-01	9.842139e-02
1.070722e-01	9.858453e-02
1.073191e-01	9.874792e-02
1.075665e-01	9.891156e-02
1.078146e-01	9.907547e-02
1.080632e-01	9.923963e-02
1.083124e-01	9.940404e-02
1.085622e-01	9.956870e-02
1.088125e-01	9.973362e-02
1.090634e-01	9.989878e-02
1.093149e-01	1.000642e-01
1.095670e-01	1.002298e-01
1.098197e-01	1.003957e-01
1.100729e-01	1.005619e-01
1.103268e-01	1.007283e-01
1.105812e-01	1.008949e-01
1.108362e-01	1.010618e-01
1.110918e-01	1.012289e-01
1.113480e-01	1.013962e-01
1.116047e-01	1.015638e-01
1.118621e-01	1.017316e-01
1.121200e-01	1.018996e-01
1.123786e-01	1.020679e-01
1.126377e-01	1.022364e-01
1.128975e-01	1.024052e-01
1.131578e-01	1.025741e-01
1.134188e-01	1.027433e-01
1.136803e-01	1.029127e-01
1.139425e-01	1.030823e-01
1.142052e-01	1.032522e-01
1.144686e-01	1.034222e-01
1.147325e-01	1.035925e-01
1.149971e-01	1.037630e-01
1.152623e-01	1.039337e-01
1.155281e-01	1.041046e-01
1.157945e-01	1.042758e-01
1.160615e-01	1.044471e-01
1.163292e-01	1.046187e-01
1.165974e-01	1.047904e-01
1.168663e-01	1.049624e-01
1.171358e-01	1.051345e-01
1.174059e-01	1.053069e-01
1.176766e-01	1.054794e-01
1.179480e-01	1.056522e-01
1.182200e-01	1.058251e-01
1.184926e-01	1.059982e-01
1.187658e-01	1.061716e-01
1.190397e-01	1.063451e-01
1.193142e-01	1.065188e-01
1.195894e-01	1.066927e-01
1.198651e-01	1.068667e-01
1.201416e-01	1.070410e-01
1.204186e-01	1.072154e-01
1.206963e-01	1.073900e-01
1.209746e-01	1.075648e-01
1.212536e-01	1.077398e-01
1.215332e-01	1.079149e-01
1.218134e-01	1.080902e-01
1.220943e-01	1.082656e-01
1.223759e-01	1.084413e-01
1.226581e-01	1.086170e-01
1.229410e-01	1.087930e-01
1.232245e-01	1.089691e-01
1.235086e-01	1.091454e-01
1.237934e-01	1.093218e-01
1.240789e-01	1.094984e-01
1.243650e-01	1.096751e-01
1.246518e-01	1.098520e-01
1.249393e-01	1.100290e-01
1.252274e-01	1.102061e-01
1.255161e-01	1.103834e-01
1.258056e-01	1.105609e-01
1.260957e-01	1.107384e-01
1.263865e-01	1.109162e-01
1.266779e-01	1.110940e-01
1.269700e-01	1.112720e-01
1.272628e-01	1.114501e-01
1.275563e-01	1.116283e-01
1.278504e-01	1.118066e-01
1.281453e-01	1.119851e-01
1.284408e-01	1.121637e-01
1.287370e-01	1.123424e-01
1.290338e-01	1.125212e-01
1.293314e-01	1.127001e-01
1.296296e-01	1.128792e-01
1.299285e-01	1.130583e-01
1.302282e-01	1.132376e-01
1.305285e-01	1.134169e-01
1.308295e-01	1.135963e-01
1.311312e-01	1.137759e-01
1.314335e-01	1.139555e-01
1.317366e-01	1.141352e-01
1.320404e-01	1.143150e-01
1.323449e-01	1.144949e-01
1.326501e-01	1.146749e-01
1.329560e-01	1.148550e-01
1.332626e-01	1.150351e-01
1.335699e-01	1.152153e-01
1.338779e-01	1.153956e-01
1.341866e-01	1.155759e-01
1.344961e-01	1.157563e-01
1.348062e-01	1.159368e-01
1.351171e-01	1.161173e-01
1.354287e-01	1.162979e-01
1.357410e-01	1.164786e-01
1.360540e-01	1.166593e-01
1.363677e-01	1.168400e-01
1.366822e-01	1.170208e-01
1.369974e-01	1.172017e-01
1.373133e-01	1.173825e-01
1.376299e-01	1.175635e-01
1.379473e-01	1.177444e-01
1.382654e-01	1.179254e-01
1.385843e-01	1.181064e-01
1.389038e-01	1.182874e-01
1.392241e-01	1.184685e-01
1.395452e-01	1.186496e-01
1.398670e-01	1.188307e-01
1.401895e-01	1.190118e-01
1.405128e-01	1.191929e-01
1.408368e-01	1.193740e-01
1.411616e-01	1.195551e-01
1.414871e-01	1.197363e-01
1.418134e-01	1.199174e-01
1.421404e-01	1.200985e-01
1.424682e-01	1.202796e-01
1.427967e-01	1.204607e-01
1.431260e-01	1.206418e-01
1.434561e-01	1.208229e-01
1.437869e-01	1.210039e-01
1.441184e-01	1.211849e-01
1.444508e-01	1.213659e-01
1.447839e-01	1.215469e-01
1.451178e-01	1.217278e-01
1.454524e-01	1.219086e-01
1.457878e-01	1.220895e-01
1.461240e-01	1.222703e-01
1.464610e-01	1.224510e-01
1.467987e-01	1.226317e-01
1.471372e-01	1.228123e-01
1.474765e-01	1.229929e-01
1.478166e-01	1.231734e-01
1.481575e-01	1.233538e-01
1.484991e-01	1.235342e-01
1.488416e-01	1.237145e-01
1.491848e-01	1.238947e-01
1.495288e-01	1.240748e-01
1.498736e-01	1.242549e-01
1.502192e-01	1.244348e-01
1.505657e-01	1.246147e-01
1.509129e-01	1.247945e-01
1.512609e-01	1.249741e-01
1.516097e-01	1.251537e-01
1.519593e-01	1.253332e-01
1.523097e-01	1.255125e-01
1.526609e-01	1.256917e-01
1.530130e-01	1.258708e-01
1.533658e-01	1.260498e-01
1.537195e-01	1.262287e-01
1.540740e-01	1.264074e-01
1.544293e-01	1.265860e-01
1.547854e-01	1.267645e-01
1.551423e-01	1.269428e-01
1.555001e-01	1.271209e-01
1.558587e-01	1.272989e-01
1.562181e-01	1.274768e-01
1.565783e-01	1.276545e-01
1.569394e-01	1.278320e-01
1.573013e-01	1.280094e-01
1.576640e-01	1.281866e-01
1.580276e-01	1.283636e-01
1.583920e-01	1.285405e-01
1.587573e-01	1.287171e-01
1.591233e-01	1.288936e-01
1.594903e-01	1.290699e-01
1.598581e-01	1.292459e-01
1.602267e-01	1.294218e-01
1.605962e-01	1.295975e-01
1.609665e-01	1.297730e-01
1.613377e-01	1.299482e-01
1.617098e-01	1.301232e-01
1.620827e-01	1.302981e-01
1.624564e-01	1.304726e-01
1.628311e-01	1.306470e-01
1.632065e-01	1.308211e-01
1.635829e-01	1.309950e-01
1.639601e-01	1.311686e-01
1.643382e-01	1.313420e-01
1.647172e-01	1.315151e-01
1.650970e-01	1.316880e-01
1.654777e-01	1.318606e-01
1.658593e-01	1.320330e-01
1.662418e-01	1.322050e-01
1.666252e-01	1.323768e-01
1.670094e-01	1.325483e-01
1.673945e-01	1.327196e-01
1.677805e-01	1.328905e-01
1.681674e-01	1.330611e-01
1.685552e-01	1.332315e-01
1.689439e-01	1.334015e-01
1.693335e-01	1.335712e-01
1.697240e-01	1.337406e-01
1.701154e-01	1.339097e-01
1.705077e-01	1.340785e-01
1.709009e-01	1.342469e-01
1.712950e-01	1.344150e-01
1.716900e-01	1.345828e-01
1.720859e-01	1.347502e-01
1.724827e-01	1.349173e-01
1.728805e-01	1.350840e-01
1.732791e-01	1.352504e-01
1.736787e-01	1.354164e-01
1.740792e-01	1.355820e-01
1.744806e-01	1.357473e-01
1.748830e-01	1.359122e-01
1.752863e-01	1.360767e-01
1.756905e-01	1.362408e-01
1.760956e-01	1.364045e-01
1.765017e-01	1.365678e-01
1.769087e-01	1.367307e-01
1.773167e-01	1.368932e-01
1.777256e-01	1.370553e-01
1.781354e-01	1.372170e-01
1.785462e-01	1.373783e-01
1.789579e-01	1.375391e-01
1.793706e-01	1.376995e-01
1.797842e-01	1.378594e-01
1.801988e-01	1.380189e-01
1.806143e-01	1.381779e-01
1.810308e-01	1.383365e-01
1.814483e-01	1.384947e-01
1.818667e-01	1.386523e-01
1.822861e-01	1.388095e-01
1.827065e-01	1.389662e-01
1.831278e-01	1.391224e-01
1.835501e-01	1.392782e-01
1.839734e-01	1.394334e-01
1.843976e-01	1.395881e-01
1.848228e-01	1.397424e-01
1.852490e-01	1.398961e-01
1.856762e-01	1.400493e-01
1.861044e-01	1.402020e-01
1.865335e-01	1.403542e-01
1.869637e-01	1.405058e-01
1.873948e-01	1.406569e-01
1.878270e-01	1.408074e-01
1.882601e-01	1.409574e-01
1.886942e-01	1.411068e-01
1.891293e-01	1.412557e-01
1.895655e-01	1.414040e-01
1.900026e-01	1.415518e-01
1.904408e-01	1.416989e-01
1.908799e-01	1.418455e-01
1.913201e-01	1.419915e-01
1.917613e-01	1.421368e-01
1.922035e-01	1.422816e-01
1.926467e-01	1.424258e-01
1.930910e-01	1.425693e-01
1.935362e-01	1.427123e-01
1.939825e-01	1.428546e-01
1.944298e-01	1.429963e-01
1.948782e-01	1.431373e-01
1.953276e-01	1.432777e-01
1.957780e-01	1.434175e-01
1.962295e-01	1.435565e-01
1.966820e-01	1.436950e-01
1.971355e-01	1.438327e-01
1.975901e-01	1.439698e-01
1.980458e-01	1.441062e-01
1.985025e-01	1.442419e-01
1.989602e-01	1.443770e-01
1.994190e-01	1.445113e-01
1.998789e-01	1.446449e-01
2.003398e-01	1.447778e-01
2.008018e-01	1.449100e-01
2.012648e-01	1.450415e-01
2.017290e-01	1.451723e-01
2.021942e-01	1.453023e-01
2.026604e-01	1.454315e-01
2.031277e-01	1.455600e-01
2.035962e-01	1.456878e-01
2.040657e-01	1.458148e-01
2.045362e-01	1.459410e-01
2.050079e-01	1.460665e-01
2.054806e-01	1.461912e-01
2.059545e-01	1.463151e-01
2.064294e-01	1.464382e-01
2.069054e-01	1.465605e-01
2.073826e-01	1.466820e-01
2.078608e-01	1.468027e-01
2.083401e-01	1.469226e-01
2.088206e-01	1.470416e-01
2.093021e-01	1.471598e-01
2.097848e-01	1.472772e-01
2.102685e-01	1.473937e-01
2.107534e-01	1.475094e-01
2.112394e-01	1.476243e-01
2.117265e-01	1.477382e-01
2.122148e-01	1.478513e-01
2.127041e-01	1.479635e-01
2.131946e-01	1.480749e-01
2.136863e-01	1.481853e-01
2.141790e-01	1.482949e-01
2.146729e-01	1.484035e-01
2.151680e-01	1.485112e-01
2.156641e-01	1.486180e-01
2.161615e-01	1.487239e-01
2.166599e-01	1.488289e-01
2.171595e-01	1.489329e-01
2.176603e-01	1.490360e-01
2.181622e-01	1.491382e-01
2.186653e-01	1.492393e-01
2.191696e-01	1.493396e-01
2.196750e-01	1.494388e-01
2.201816e-01	1.495371e-01
2.206893e-01	1.496344e-01
2.211982e-01	1.497307e-01
2.217083e-01	1.498260e-01
2.222195e-01	1.499203e-01
2.227320e-01	1.500136e-01
2.232456e-01	1.501058e-01
2.237604e-01	1.501971e-01
2.242764e-01	1.502873e-01
2.247936e-01	1.503765e-01
2.253120e-01	1.504646e-01
2.258315e-01	1.505517e-01
2.263523e-01	1.506377e-01
2.268743e-01	1.507227e-01
2.273975e-01	1.508066e-01
2.279218e-01	1.508894e-01
2.284474e-01	1.509711e-01
2.289742e-01	1.510517e-01
2.295022e-01	1.511312e-01
2.300315e-01	1.512097e-01
2.305619e-01	1.512870e-01
2.310936e-01	1.513632e-01
2.316265e-01	1.514382e-01
2.321606e-01	1.515122e-01
2.326960e-01	1.515849e-01
2.332326e-01	1.516566e-01
2.337704e-01	1.517271e-01
2.343095e-01	1.517964e-01
2.348498e-01	1.518646e-01
2.353914e-01	1.519315e-01
2.359342e-01	1.519973e-01
2.364783e-01	1.520619e-01
2.370236e-01	1.521254e-01
2.375702e-01	1.521876e-01
2.381180e-01	1.522486e-01
2.386671e-01	1.523083e-01
2.392175e-01	1.523669e-01
2.397691e-01	1.524242e-01
2.403220e-01	1.524803e-01
2.408762e-01	1.525351e-01
2.414317e-01	1.525887e-01
2.419884e-01	1.526411e-01
2.425465e-01	1.526921e-01
2.431058e-01	1.527419e-01
2.436664e-01	1.527904e-01
2.442283e-01	1.528376e-01
2.447915e-01	1.528835e-01
2.453560e-01	1.529282e-01
2.459217e-01	1.529715e-01
2.464888e-01	1.530135e-01
2.470572e-01	1.530542e-01
2.476270e-01	1.530935e-01
2.481980e-01	1.531315e-01
2.487703e-01	1.531682e-01
2.493440e-01	1.532035e-01
2.499190e-01	1.532375e-01
2.504953e-01	1.532701e-01
2.510730e-01	1.533013e-01
2.516519e-01	1.533311e-01
2.522322e-01	1.533596e-01
2.528139e-01	1.533867e-01
2.533969e-01	1.534123e-01
2.539812e-01	1.534366e-01
2.545669e-01	1.534594e-01
2.551539e-01	1.534809e-01
2.557423e-01	1.535009e-01
2.563321e-01	1.535195e-01
2.569232e-01	1.535366e-01
2.575156e-01	1.535523e-01
2.581095e-01	1.535665e-01
2.587047e-01	1.535793e-01
2.593012e-01	1.535906e-01
2.598992e-01	1.536004e-01
2.604985e-01	1.536087e-01
2.610992e-01	1.536156e-01
2.617013e-01	1.536210e-01
2.623048e-01	1.536248e-01
2.629097e-01	1.536272e-01
2.635160e-01	1.536280e-01
2.641236e-01	1.536273e-01
2.647327e-01	1.536251e-01
2.653432e-01	1.536213e-01
2.659551e-01	1.536160e-01
2.665684e-01	1.536092e-01
2.671831e-01	1.536008e-01
2.677992e-01	1.535908e-01
2.684167e-01	1.535793e-01
2.690357e-01	1.535662e-01
2.696561e-01	1.535515e-01
2.702779e-01	1.535352e-01
2.709012e-01	1.535173e-01
2.715259e-01	1.534978e-01
2.721520e-01	1.534767e-01
2.727796e-01	1.534540e-01
2.734087e-01	1.534297e-01
2.740391e-01	1.534037e-01
2.746711e-01	1.533761e-01
2.753045e-01	1.533469e-01
2.759393e-01	1.533160e-01
2.765756e-01	1.532834e-01
2.772134e-01	1.532492e-01
2.778527e-01	1.532134e-01
2.784934e-01	1.531758e-01
2.791356e-01	1.531366e-01
2.797793e-01	1.530957e-01
2.804245e-01	1.530531e-01
2.810712e-01	1.530088e-01
2.817193e-01	1.529628e-01
2.823690e-01	1.529150e-01
2.830201e-01	1.528656e-01
2.836727e-01	1.528144e-01
2.843269e-01	1.527615e-01
2.849826e-01	1.527069e-01
2.856397e-01	1.526505e-01
2.862984e-01	1.525924e-01
2.869586e-01	1.525325e-01
2.876203e-01	1.524709e-01
2.882836e-01	1.524075e-01
2.889484e-01	1.523423e-01
2.896147e-01	1.522754e-01
2.902826e-01	1.522066e-01
2.909520e-01	1.521361e-01
2.916229e-01	1.520638e-01
2.922954e-01	1.519896e-01
2.929694e-01	1.519137e-01
2.936450e-01	1.518360e-01
2.943221e-01	1.517564e-01
2.950009e-01	1.516750e-01
2.956811e-01	1.515918e-01
2.963630e-01	1.515067e-01
2.970464e-01	1.514199e-01
2.977314e-01	1.513311e-01
2.984179e-01	1.512405e-01
2.991061e-01	1.511481e-01
2.997958e-01	1.510538e-01
3.004872e-01	1.509576e-01
3.011801e-01	1.508595e-01
3.018746e-01	1.507596e-01
3.025708e-01	1.506578e-01
3.032685e-01	1.505541e-01
3.039678e-01	1.504485e-01
3.046688e-01	1.503410e-01
3.053713e-01	1.502316e-01
3.060755e-01	1.501203e-01
3.067813e-01	1.500070e-01
3.074888e-01	1.498919e-01
3.081979e-01	1.497748e-01
3.089086e-01	1.496558e-01
3.096209e-01	1.495349e-01
3.103349e-01	1.494121e-01
3.110505e-01	1.492872e-01
3.117678e-01	1.491605e-01
3.124868e-01	1.490318e-01
3.132073e-01	1.489011e-01
3.139296e-01	1.487685e-01
3.146535e-01	1.486339e-01
3.153791e-01	1.484974e-01
3.161064e-01	1.483588e-01
3.168353e-01	1.482183e-01
3.175660e-01	1.480759e-01
3.182983e-01	1.479314e-01
3.190323e-01	1.477849e-01
3.197680e-01	1.476365e-01
3.205053e-01	1.474860e-01
3.212444e-01	1.473336e-01
3.219852e-01	1.471791e-01
3.227277e-01	1.470227e-01
3.234719e-01	1.468642e-01
3.242179e-01	1.467037e-01
3.249655e-01	1.465412e-01
3.257149e-01	1.463767e-01
3.264660e-01	1.462101e-01
3.272188e-01	1.460415e-01
3.279734e-01	1.458709e-01
3.287297e-01	1.456982e-01
3.294878e-01	1.455235e-01
3.302476e-01	1.453468e-01
3.310091e-01	1.451680e-01
3.317724e-01	1.449872e-01
3.325375e-01	1.448043e-01
3.333043e-01	1.446194e-01
3.340729e-01	1.444324e-01
3.348433e-01	1.442433e-01
3.356155e-01	1.440522e-01
3.363894e-01	1.438590e-01
3.371651e-01	1.436638e-01
3.379426e-01	1.434665e-01
3.387219e-01	1.432671e-01
3.395030e-01	1.430657e-01
3.402859e-01	1.428621e-01
3.410706e-01	1.426565e-01
3.418571e-01	1.424488e-01
3.426454e-01	1.422391e-01
3.434356e-01	1.420272e-01
3.442275e-01	1.418133e-01
3.450213e-01	1.415973e-01
3.458170e-01	1.413792e-01
3.466144e-01	1.411590e-01
3.474137e-01	1.409367e-01
3.482148e-01	1.407123e-01
3.490178e-01	1.404859e-01
3.498227e-01	1.402573e-01
3.506294e-01	1.400267e-01
3.514379e-01	1.397939e-01
3.522483e-01	1.395591e-01
3.530606e-01	1.393221e-01
3.538748e-01	1.390831e-01
3.546908e-01	1.388420e-01
3.555087e-01	1.385987e-01
3.563285e-01	1.383534e-01
3.571502e-01	1.381060e-01
3.579738e-01	1.378565e-01
3.587993e-01	1.376048e-01
3.596267e-01	1.373511e-01
3.604560e-01	1.370953e-01
3.612872e-01	1.368374e-01
3.621204e-01	1.365774e-01
3.629554e-01	1.363152e-01
3.637924e-01	1.360510e-01
3.646313e-01	1.357847e-01
3.654721e-01	1.355163e-01
3.663149e-01	1.352458e-01
3.671597e-01	1.349732e-01
3.680063e-01	1.346986e-01
3.688550e-01	1.344218e-01
3.697055e-01	1.341429e-01
3.705581e-01	1.338620e-01
3.714126e-01	1.335789e-01
3.722691e-01	1.332938e-01
3.731275e-01	1.330066e-01
3.739880e-01	1.327173e-01
3.748504e-01	1.324259e-01
3.757148e-01	1.321325e-01
3.765812e-01	1.318370e-01
3.774496e-01	1.315394e-01
3.783200e-01	1.312397e-01
3.791924e-01	1.309380e-01
3.800668e-01	1.306342e-01
3.809433e-01	1.303283e-01
3.818217e-01	1.300204e-01
3.827022e-01	1.297105e-01
3.835847e-01	1.293984e-01
3.844693e-01	1.290844e-01
3.853558e-01	1.287683e-01
3.862445e-01	1.284501e-01
3.871352e-01	1.281299e-01
3.880279e-01	1.278077e-01
3.889227e-01	1.274834e-01
3.898196e-01	1.271571e-01
3.907185e-01	1.268288e-01
3.916195e-01	1.264985e-01
3.925226e-01	1.261661e-01
3.934277e-01	1.258318e-01
3.943350e-01	1.254954e-01
3.952443e-01	1.251571e-01
3.961557e-01	1.248167e-01
3.970693e-01	1.244744e-01
3.979849e-01	1.241300e-01
3.989027e-01	1.237837e-01
3.998226e-01	1.234354e-01
4.007445e-01	1.230852e-01
4.016687e-01	1.227330e-01
4.025949e-01	1.223788e-01
4.035233e-01	1.220227e-01
4.044538e-01	1.216647e-01
4.053865e-01	1.213047e-01
4.063213e-01	1.209428e-01
4.072583e-01	1.205789e-01
4.081975e-01	1.202132e-01
4.091388e-01	1.198455e-01
4.100822e-01	1.194759e-01
4.110279e-01	1.191044e-01
4.119757e-01	1.187311e-01
4.129257e-01	1.183558e-01
4.138780e-01	1.179787e-01
4.148324e-01	1.175997e-01
4.157890e-01	1.172189e-01
4.167478e-01	1.168362e-01
4.177088e-01	1.164517e-01
4.186720e-01	1.160653e-01
4.196375e-01	1.156772e-01
4.206052e-01	1.152872e-01
4.215751e-01	1.148953e-01
4.225473e-01	1.145017e-01
4.235217e-01	1.141064e-01
4.244983e-01	1.137092e-01
4.254772e-01	1.133103e-01
4.264584e-01	1.129096e-01
4.274418e-01	1.125071e-01
4.284275e-01	1.121030e-01
4.294154e-01	1.116971e-01
4.304056e-01	1.112894e-01
4.313982e-01	1.108801e-01
4.323930e-01	1.104690e-01
4.333901e-01	1.100563e-01
4.343895e-01	1.096419e-01
4.353912e-01	1.092259e-01
4.363952e-01	1.088082e-01
4.374015e-01	1.083888e-01
4.384102e-01	1.079678e-01
4.394212e-01	1.075452e-01
4.404345e-01	1.071210e-01
4.414501e-01	1.066952e-01
4.424681e-01	1.062678e-01
4.434884e-01	1.058388e-01
4.445111e-01	1.054083e-01
4.455362e-01	1.049763e-01
4.465636e-01	1.045427e-01
4.475934e-01	1.041076e-01
4.486255e-01	1.036710e-01
4.496600e-01	1.032329e-01
4.506970e-01	1.027933e-01
4.517363e-01	1.023523e-01
4.527780e-01	1.019098e-01
4.538221e-01	1.014658e-01
4.548686e-01	1.010204e-01
4.559175e-01	1.005737e-01
4.569689e-01	1.001255e-01
4.580227e-01	9.967599e-02
4.590789e-01	9.922510e-02
4.601375e-01	9.877287e-02
4.611986e-01	9.831930e-02
4.622621e-01	9.786443e-02
4.633281e-01	9.740825e-02
4.643965e-01	9.695077e-02
4.654674e-01	9.649200e-02
4.665408e-01	9.603198e-02
4.676166e-01	9.557073e-02
4.686950e-01	9.510827e-02
4.697758e-01	9.464461e-02
4.708591e-01	9.417977e-02
4.719449e-01	9.371377e-02
4.730332e-01	9.324661e-02
4.741240e-01	9.277832e-02
4.752174e-01	9.230891e-02
4.763132e-01	9.183840e-02
4.774116e-01	9.136676e-02
4.785125e-01	9.089407e-02
4.796160e-01	9.042035e-02
4.807220e-01	8.994560e-02
4.818305e-01	8.946986e-02
4.829416e-01	8.899313e-02
4.840553e-01	8.851543e-02
4.851715e-01	8.803678e-02
4.862903e-01	8.755720e-02
4.874117e-01	8.707671e-02
4.885357e-01	8.659532e-02
4.896623e-01	8.611301e-02
4.907914e-01	8.562986e-02
4.919232e-01	8.514588e-02
4.930576e-01	8.466110e-02
4.941946e-01	8.417553e-02
4.953342e-01	8.368920e-02
4.964764e-01	8.320211e-02
4.976213e-01	8.271431e-02
4.987688e-01	8.222579e-02
4.999190e-01	8.173658e-02
5.010718e-01	8.124671e-02
5.022273e-01	8.075614e-02
5.033854e-01	8.026495e-02
5.045462e-01	7.977317e-02
5.057097e-01	7.928082e-02
5.068759e-01	7.878792e-02
5.080447e-01	7.829450e-02
5.092163e-01	7.780057e-02
5.103906e-01	7.730615e-02
5.115675e-01	7.681126e-02
5.127472e-01	7.631593e-02
5.139296e-01	7.582019e-02
5.151147e-01	7.532398e-02
5.163026e-01	7.482740e-02
5.174932e-01	7.433049e-02
5.186865e-01	7.383326e-02
5.198826e-01	7.333574e-02
5.210815e-01	7.283794e-02
5.222831e-01	7.233990e-02
5.234875e-01	7.184163e-02
5.246946e-01	7.134316e-02
5.259046e-01	7.084451e-02
5.271173e-01	7.034570e-02
5.283329e-01	6.984670e-02
5.295512e-01	6.934759e-02
5.307724e-01	6.884841e-02
5.319963e-01	6.834919e-02
5.332231e-01	6.784994e-02
5.344527e-01	6.735071e-02
5.356852e-01	6.685150e-02
5.369205e-01	6.635234e-02
5.381586e-01	6.585325e-02
5.393996e-01	6.535427e-02
5.406435e-01	6.485541e-02
5.418902e-01	6.435664e-02
5.431398e-01	6.385803e-02
5.443923e-01	6.335964e-02
5.456477e-01	6.286150e-02
5.469059e-01	6.236362e-02
5.481671e-01	6.186604e-02
5.494312e-01	6.136878e-02
5.506982e-01	6.087186e-02
5.519681e-01	6.037531e-02
5.532409e-01	5.987916e-02
5.545167e-01	5.938342e-02
5.557954e-01	5.888808e-02
5.570771e-01	5.839317e-02
5.583617e-01	5.789879e-02
5.596493e-01	5.740495e-02
5.609399e-01	5.691169e-02
5.622334e-01	5.641902e-02
5.635299e-01	5.592697e-02
5.648294e-01	5.543558e-02
5.661319e-01	5.494485e-02
5.674374e-01	5.445483e-02
5.687459e-01	5.396552e-02
5.700575e-01	5.347693e-02
5.713720e-01	5.298906e-02
5.726896e-01	5.250203e-02
5.740102e-01	5.201586e-02
5.753339e-01	5.153057e-02
5.766606e-01	5.104619e-02
5.779904e-01	5.056274e-02
5.793233e-01	5.008025e-02
5.806592e-01	4.959875e-02
5.819982e-01	4.911826e-02
5.833403e-01	4.863881e-02
5.846855e-01	4.816040e-02
5.860338e-01	4.768301e-02
5.873852e-01	4.720677e-02
5.887397e-01	4.673171e-02
5.900973e-01	4.625784e-02
5.914581e-01	4.578519e-02
5.928220e-01	4.531380e-02
5.941890e-01	4.484368e-02
5.955593e-01	4.437486e-02
5.969326e-01	4.390736e-02
5.983091e-01	4.344123e-02
5.996889e-01	4.297646e-02
6.010717e-01	4.251308e-02
6.024578e-01	4.205114e-02
6.038471e-01	4.159068e-02
6.052396e-01	4.113173e-02
6.066353e-01	4.067430e-02
6.080342e-01	4.021843e-02
6.094363e-01	3.976414e-02
6.108417e-01	3.931147e-02
6.122503e-01	3.886043e-02
6.136621e-01	3.841105e-02
6.150772e-01	3.796338e-02
6.164956e-01	3.751742e-02
6.179172e-01	3.707321e-02
6.193422e-01	3.663079e-02
6.207704e-01	3.619017e-02
6.222019e-01	3.575139e-02
6.236367e-01	3.531447e-02
6.250748e-01	3.487945e-02
6.265162e-01	3.444634e-02
6.279610e-01	3.401518e-02
6.294090e-01	3.358599e-02
6.308605e-01	3.315881e-02
6.323152e-01	3.273365e-02
6.337734e-01	3.231055e-02
6.352348e-01	3.188953e-02
6.366997e-01	3.147061e-02
6.381679e-01	3.105383e-02
6.396396e-01	3.063921e-02
6.411146e-01	3.022677e-02
6.425930e-01	2.981655e-02
6.440748e-01	2.940857e-02
6.455600e-01	2.900284e-02
6.470487e-01	2.859941e-02
6.485408e-01	2.819829e-02
6.500364e-01	2.779951e-02
6.515353e-01	2.740310e-02
6.530378e-01	2.700907e-02
6.545437e-01	2.661745e-02
6.560531e-01	2.622827e-02
6.575659e-01	2.584155e-02
6.590823e-01	2.545731e-02
6.606021e-01	2.507558e-02
6.621255e-01	2.469638e-02
6.636524e-01	2.431973e-02
6.651828e-01	2.394565e-02
6.667167e-01	2.357418e-02
6.682541e-01	2.320532e-02
6.697951e-01	2.283911e-02
6.713397e-01	2.247556e-02
6.728878e-01	2.211469e-02
6.744395e-01	2.175652e-02
6.759947e-01	2.140108e-02
6.775536e-01	2.104839e-02
6.791160e-01	2.069846e-02
6.806821e-01	2.035131e-02
6.822517e-01	2.000697e-02
6.838250e-01	1.966545e-02
6.854019e-01	1.932677e-02
6.869825e-01	1.899095e-02
6.885666e-01	1.865801e-02
6.901545e-01	1.832796e-02
6.917460e-01	1.800082e-02
6.933412e-01	1.767661e-02
6.949400e-01	1.735534e-02
6.965425e-01	1.703703e-02
6.981488e-01	1.672170e-02
6.997587e-01	1.640936e-02
7.013724e-01	1.610002e-02
7.029897e-01	1.579369e-02
7.046108e-01	1.549040e-02
7.062357e-01	1.519016e-02
7.078643e-01	1.489298e-02
7.094966e-01	1.459886e-02
7.111327e-01	1.430782e-02
7.127726e-01	1.401988e-02
7.144162e-01	1.373505e-02
7.160637e-01	1.345333e-02
7.177149e-01	1.317473e-02
7.193700e-01	1.289927e-02
7.210289e-01	1.262695e-02
7.226916e-01	1.235778e-02
7.243581e-01	1.209177e-02
7.260285e-01	1.182893e-02
7.277027e-01	1.156926e-02
7.293808e-01	1.131277e-02
7.310627e-01	1.105947e-02
7.327486e-01	1.080935e-02
7.344383e-01	1.056244e-02
7.361319e-01	1.031872e-02
7.378294e-01	1.007820e-02
7.395309e-01	9.840895e-03
7.412363e-01	9.606794e-03
7.429455e-01	9.375903e-03
7.446588e-01	9.148225e-03
7.463760e-01	8.923756e-03
7.480971e-01	8.702501e-03
7.498222e-01	8.484458e-03
7.515513e-01	8.269623e-03
7.532844e-01	8.057998e-03
7.550215e-01	7.849578e-03
7.567626e-01	7.644361e-03
7.585077e-01	7.442344e-03
7.602568e-01	7.243521e-03
7.620100e-01	7.047887e-03
7.637672e-01	6.855439e-03
7.655284e-01	6.666168e-03
7.672937e-01	6.480068e-03
7.690631e-01	6.297133e-03
7.708366e-01	6.117352e-03
7.726141e-01	5.940718e-03
7.743958e-01	5.767222e-03
7.761816e-01	5.596852e-03
7.779714e-01	5.429598e-03
7.797654e-01	5.265449e-03
7.815636e-01	5.104392e-03
7.833659e-01	4.946416e-03
7.851723e-01	4.791505e-03
7.869829e-01	4.639645e-03
7.887977e-01	4.490824e-03
7.906167e-01	4.345023e-03
7.924399e-01	4.202228e-03
7.942672e-01	4.062422e-03
7.960988e-01	3.925586e-03
7.979346e-01	3.791703e-03
7.997747e-01	3.660755e-03
8.016190e-01	3.532721e-03
8.034675e-01	3.407580e-03
8.053203e-01	3.285313e-03
8.071774e-01	3.165897e-03
8.090387e-01	3.049310e-03
8.109044e-01	2.935530e-03
8.127744e-01	2.824533e-03
8.146486e-01	2.716294e-03
8.165272e-01	2.610790e-03
8.184101e-01	2.507994e-03
8.202974e-01	2.407880e-03
8.221890e-01	2.310422e-03
8.240850e-01	2.215592e-03
8.259853e-01	2.123362e-03
8.278900e-01	2.033704e-03
8.297992e-01	1.946588e-03
8.317127e-01	1.861985e-03
8.336306e-01	1.779864e-03
8.355530e-01	1.700195e-03
8.374798e-01	1.622945e-03
8.394110e-01	1.548082e-03
8.413467e-01	1.475575e-03
8.432868e-01	1.405389e-03
8.452315e-01	1.337491e-03
8.471806e-01	1.271847e-03
8.491342e-01	1.208422e-03
8.510923e-01	1.147181e-03
8.530549e-01	1.088087e-03
8.550221e-01	1.031106e-03
8.569938e-01	9.761999e-04
8.589700e-01	9.233320e-04
8.609508e-01	8.724648e-04
8.629361e-01	8.235604e-04
8.649261e-01	7.765807e-04
8.669206e-01	7.314870e-04
8.689197e-01	6.882403e-04
8.709235e-01	6.468014e-04
8.729318e-01	6.071308e-04
8.749448e-01	5.691884e-04
8.769624e-01	5.329343e-04
8.789847e-01	4.983281e-04
8.810117e-01	4.653292e-04
8.830433e-01	4.338968e-04
8.850796e-01	4.039900e-04
8.871206e-01	3.755679e-04
8.891663e-01	3.485891e-04
8.912167e-01	3.230123e-04
8.932719e-01	2.987964e-04
8.953318e-01	2.759000e-04
8.973964e-01	2.542815e-04
8.994658e-01	2.338998e-04
9.015400e-01	2.147137e-04
9.036189e-01	1.966818e-04
9.057027e-01	1.797630e-04
9.077913e-01	1.639168e-04
9.098846e-01	1.491022e-04
9.119828e-01	1.352786e-04
9.140859e-01	1.224059e-04
9.161938e-01	1.104444e-04
9.183065e-01	9.935424e-05
9.204241e-01	8.909610e-05
9.225466e-01	7.963140e-05
9.246740e-01	7.092175e-05
9.268063e-01	6.292909e-05
9.289436e-01	5.561601e-05
9.310857e-01	4.894608e-05
9.332328e-01	4.288283e-05
9.353848e-01	3.739061e-05
9.375419e-01	3.243475e-05
9.397038e-01	2.798122e-05
9.418708e-01	2.399645e-05
9.440428e-01	2.044777e-05
9.462197e-01	1.730405e-05
9.484017e-01	1.453416e-05
9.505887e-01	1.210814e-05
9.527808e-01	9.997302e-06
9.549779e-01	8.174083e-06
9.571801e-01	6.611439e-06
9.593874e-01	5.283617e-06
9.615997e-01	4.166642e-06
9.638172e-01	3.237024e-06
9.660398e-01	2.472549e-06
9.682674e-01	1.852491e-06
9.705003e-01	1.357819e-06
9.727383e-01	9.700451e-07
9.749814e-01	6.722977e-07
9.772297e-01	4.496128e-07
9.794832e-01	2.880387e-07
9.817419e-01	1.748675e-07
9.840058e-01	9.902798e-08
9.862749e-01	5.148190e-08
9.885493e-01	2.376001e-08
9.908289e-01	9.177421e-09
9.931138e-01	2.736215e-09
9.954039e-01	6.140114e-10
9.976993e-01	6.609725e-11
1.000000e+00	6.664392e-63
