0. 0
0.000341439362853353451 0.016773486511521093
0.000350677463244859983 0.016960206214625437
0.000360165512845884593 0.017148502335971667
0.000369910274367882188 0.017338374187511385
0.000379918693496545377 0.017529821542017963
0.000390197903842420183 0.017722843584394958
0.000400755232025462409 0.01791743856797763
0.000411598202897168249 0.018113606398013057
0.00042273454490399429 0.01831134576827919
0.000434172195595892486 0.01851065293057714
0.000445919307283885915 0.018711522548531024
0.00045798425285071767 0.01891395719212323
0.000470375631718716544 0.01911794941228518
0.000483102275979126932 0.019323494887274723
0.000496173256687280624 0.019530588575638896
0.000509597890328090529 0.01973922490503554
0.000523385745456477164 0.019949397702761516
0.000537546649517462783 0.020161100229884037
0.000552090695850788321 0.020374325148455327
0.000567028250885053095 0.020589064516854147
0.000582369961526501005 0.02080530974477753
0.000598126762747718975 0.021023051632279424
0.000614309885381659213 0.021242280323764337
0.00063093086412653761 0.021462985313955154
0.000648001545767319296 0.02168515566577623
0.000665534097619640414 0.021908784225234505
0.000683541016202198837 0.022133850742942992
0.000702035136143783905 0.022360335654113748
0.000721029639331299257 0.02258823434989817
0.000740538064305296334 0.022817534907678256
0.000760574315909721098 0.023048218896024354
0.000781152675202738899 0.023280270734297396
0.000802287809635719305 0.02351367041908556
0.000823994783507621506 0.023748399374785296
0.000846289068702238845 0.023984441264921386
0.00086918655571595403 0.02422177610628819
0.000892703564983863629 0.024460381974404314
0.000916856858512350801 0.024700237844500983
0.000941663651826384236 0.024941322577906037
0.000967141626240075559 0.02518361229190701
0.00099330894145922919 0.02542708278590661
0.00102018424852487249 0.025671710149622246
0.00104778670310698777 0.025917467129877858
0.00107613597915793137 0.02616432737314196
0.00110525228293525219 0.02641226295326183
0.00113515636740392847 0.026661245652469082
0.00116586954702826875 0.026911245861118024
0.00119741371296403182 0.027162232508767852
0.00122981134866158694 0.027414173992913893
0.00126308554589123949 0.02766703767532832
0.00129726002120214741 0.02792078989659606
0.00133235913282654596 0.028175395985126143
0.00136840789804134819 0.02843082026671229
0.00140543201099948374 0.02868702604849154
0.00144345786104368621 0.02894397561851157
0.00148251255151579252 0.0292016302461314
0.00152262391907493819 0.029459950152333034
0.00156382055353844821 0.029718894543625626
0.00160613181825954108 0.02997842160609002
0.00164958787105638055 0.030238488494903393
0.00169421968570739219 0.03049905133937753
0.00174005907402816334 0.030760065251108727
0.00178713870854566178 0.03102148432862776
0.0018354921457859458 0.03128326165729719
0.0018851538501919343 0.0315453493386054
0.00193615921868832506 0.03180769847165374
0.00198854460591113644 0.032070259186995805
0.00204234735011988135 0.032332980663159386
0.00209760579981081024 0.03259581112356187
0.00215435934105022908 0.03285869786090597
0.00221264842554734888 0.03312158730837375
0.00227251459948668577 0.03338442642577519
0.00233400053314055962 0.033647156595523614
0.00239715005128279856 0.033909723625019345
0.00246200816442532396 0.03417207029633311
0.00252862110089989911 0.034434138831046776
0.00259703633980786289 0.034695870595765274
0.00266730264486139028 0.03495720678199908
0.00273947009914036121 0.03521808724974001
0.00281359014078962338 0.03547845186251024
0.00288971559968210319 0.035738239294246146
0.00296790073507386364 0.03599738831759267
0.00304820127427799219 0.036255837367445774
0.00313067445238485436 0.03651352370608338
0.00321537905305703184 0.03677038472258399
0.00330237545042802233 0.03702635750650066
0.00339172565213456505 0.037281378984064584
0.00348349334351326714 0.0375353859737345
0.00357774393299301746 0.037788315265108084
0.00367454459871558239 0.038040103705087695
0.00377396433641753607 0.03829068831781843
0.00387607400860774361 0.038540006349693595
0.00398094639507540031 0.038787995430200964
0.00408865624476460569 0.039034593621749034
0.00419928032905250367 0.039279739587895414
0.00431289749646892456 0.03952337266418207
0.00442958872889653854 0.039765433030533016
0.00454943719929158056 0.04000586180707427
0.00467252833096628694 0.04024460119322428
0.00479894985847529893 0.040481594647567225
0.00492879189014942733 0.04071678701556393
0.00506214697232136666 0.04095012470295751
0.00519911015528908699 0.041181556675767124
0.0053397790610639909 0.04141103110930312
0.00548425395295206678 0.04163850101402283
0.00563263780701767948 0.04186392065949419
0.00578503638548085852 0.04208724686111613
0.00594155831210050125 0.042308439090929545
0.00610231514959714595 0.042527459626267604
0.00626742147917052315 0.042744273812035945
0.00643699498216856233 0.0429588501307494
0.00661115652396606496 0.04317116236718347
0.00679003024011282617 0.043381186031767015
0.0069737436248126037 0.04358890008861901
0.00716242762179603726 0.04379429110211205
0.0073562167176521873 0.04399734755197317
0.00755524903768534702 0.04419806372024797
0.00775966644436539531 0.0443964391215784
0.00796961463844177674 0.04459247874627411
0.00818524326279334788 0.04478619349636006
0.00840670600908796292 0.04497760047616546
0.00863416072732790807 0.045166723267608115
0.00886776953835921242 0.04535359239045402
0.00910769894942506895 0.04553824562398677
0.00935411997284568697 0.04572072833416898
0.00960720824790921302 0.04590109392343421
0.00986714416606054336 0.04607940411649812
0.0101341129994773436 0.04625572952664642
0.0104083050331247717 0.04643014994132754
0.0106899157003832058 0.046602754721113755
0.0109791457223455437 0.04677364339612141
0.0112762012508833293 0.04694292617910184
0.011581294015583778 0.04711072602278193
0.011894641474662385 0.047277167115922
0.0122164669699586122 0.047442402779433575
0.0125469998861252544 0.04760658633512387
0.0128864758141248887 0.04776988760339624
0.01323513671914988 0.047932490252677595
0.0135932311130857429 0.04809458582289065
0.0139610142316407351 0.04825638728424174
0.0143387482162678735 0.04841812453797073
0.0147267023010091511 0.04858003558088398
0.0151251530043950456 0.04874237729368792
0.0155343843265361627 0.04890542281413209
0.0159546879515473847 0.049069462175036396
0.0163863634554489539 0.04923480262947005
0.0168297185196925776 0.04940176950936191
0.0172850691504647311 0.04957070626293729
0.0177527399039235402 0.049741975367866946
0.0182330641175297708 0.04991595861641891
0.0187263841476367245 0.050093057588069846
0.019233051613508495 0.05027369423839989
0.0197534276479405004 0.05045831117341887
0.0202878831546607699 0.05064737224431355
0.0208367990726956928 0.05084136289560254
0.0214005666478885026 0.0510407905405083
0.0219795877117639968 0.05124618498445035
0.0225742749679383944 0.051458098768240514
0.023185052286278391 0.051677107395905385
0.0238123550050189925 0.05190380970448459
0.0244566302410556616 0.052138828685827796
0.0251183372086318177 0.0523828469151992
0.0257979475466487522 0.05263642036854421
0.0264959456548314945 0.052900358950473944
0.0272128290389899823 0.053175341590752004
0.02794910866562186 0.053462110260208966
0.028705309326109367 0.05376143104657268
0.0294819700107701935 0.05407409354262577
0.0302796442930287867 0.054400911031092146
0.0310989007239817969 0.05474271995949879
0.031940323237639151 0.05510037972655659
0.0328045115671294699 0.05547477195055893
0.033692081672166363 0.055866799891148025
0.034603666178080493 0.05627738813777572
0.0355399148267302525 0.05670748117320832
0.0365014949396123278 0.05715804283017019
0.0374890918935026005 0.057630055162859024
0.0385034096089656996 0.058124517085049246
0.0395451710520823077 0.058642443060881656
0.0406151187497510654 0.05918486163618026
0.0417140153189328386 0.05975281376126861
0.0428426440102142175 0.06034735062529872
0.0440018092660781762 0.06096953202703207
0.04519233729427901 0.06162042376001287
0.0464150766567311482 0.0623010954563261
0.0476708988743309303 0.06301261748368456
0.0489606990481426668 0.06375605867233518
0.050285396497391735 0.06453248243395032
0.051645935414719589 0.06534294401771328
0.0530432855391671926 0.06618848629136798
0.0544784428473672824 0.06707013709498472
0.055952430263437658 0.06798890238563282
0.0574662983880815312 0.06894576548163335
0.0590211262474147208 0.06994167849928466
0.0606180220620532798 0.07097756007591667
0.0622581240370101707 0.07205428876476114
0.0639426011729629651 0.07317269763586286
0.0656726540994722191 0.07433356783226705
0.0674495159307431924 0.07553762223569883
0.06927445314454167 0.0767855194920879
0.0711487664848896861 0.07807784610656626
0.0730737918891854466 0.07941510913375636
0.0750509014404069641 0.08079772947491926
0.0770815043450794463 0.08222606059306542
0.0791670479377027392 0.0837002280533069
0.0813090187123548108 0.08522043812836938
0.0835089433822066574 0.08678664257101741
0.0857683899677041811 0.08839869528653996
0.08808896891419149 0.09005630825212142
0.0904723342397737995 0.09175904145703787
0.0929201847142369086 0.09350629196792432
0.0954342650698640216 0.0952972831627199
0.098016367245012781 0.09713105342688975
0.100668331661338928 0.09900644470040776
0.10339204853557743 0.10092209034858887
0.106189459226814609 0.10287640384913523
0.109062557620213482 0.10486756632399864
0.112013391548177216 0.10689351369323798
0.115044064249964176 0.10895192553152694
0.118156735870794602 0.11104021205378761
0.121353625001518334 0.11315550115436059
0.124637010259939063 0.11529462828283248
0.128009231914924609 0.11745412139551731
0.131472693554459175 0.11963019278198411
0.135029863798827032 0.12181872479898903
0.138683278060148546 0.12401526054837216
0.142435540349523548 0.12621499348550033
0.146289325133068027 0.12841275892142098
0.15024737923816972 0.13060302222299786
0.154312523811319324 0.13277987565833452
0.158487656328913623 0.13493702892785567
0.162775752662463552 0.13706780611163286
0.167179869199679143 0.13916514145158174
0.17170314502294412 0.14122157805283694
0.176348804146730126 0.14322926897697352
0.181120157815549271 0.14517997989630593
0.186020606864079702 0.14706509436337967
0.191053644141147866 0.14887562301481988
0.196222856999294704 0.1506022140346152
0.201531929851701236 0.15223516884070015
0.206984646798293259 0.1537644614976438
0.212584894322901064 0.155179761672505
0.218336664063392999 0.15647045941018312
0.224244055656759339 0.1576257042444242
0.230311279661173207 0.15863443624122453
0.236542660557113038 0.1594854354889049
0.242942639829682144 0.1601673669348788
0.24951577913432682 0.16066884104907014
0.256266763548206156 0.160978480013702
0.263200404909532115 0.16108497696174068
0.270321645247260101 0.1609771928473004
0.277635560303573781 0.16064422734081585
0.285147363151677658 0.16007552836160557
0.292862407911469891 0.15926098562470253
0.300786193565751647 0.1581910537780497
0.308924367879686745 0.15685686944000243
0.317282731426308528 0.1552503862569225
0.325867241720941503 0.15336452035798898
0.334684017467486938 0.15119329159213216
0.343739342919594515 0.14873198837291154
0.353039672359834189 0.14597734121583547
0.362591634700056453 0.1429276779017887
0.372402038206222363 0.13958311818400954
0.38247787535106903 0.13594575903231768
0.392826327798073083 0.13201983851689214
0.403454771520257716 0.12781193352927908
0.414370782057499942 0.12333113588835683
0.425582139916079238 0.11858922456534605
0.437096836114319043 0.11360081262259265
0.448923077878272403 0.1083835111226272
0.461069294491512238 0.10295800502754132
0.473544143303197385 0.09734817715705177
0.486356515898690334 0.09158113185751009
0.499515544437134418 0.08568719767694542
0.513030608160499613 0.07969985148488998
0.526911340078740409 0.07365563321748385
0.541167633835828776 0.06759386746587989
0.555809650761559193 0.06155643959310204
0.570847827114145612 0.05558733648940177
0.58629288151878034 0.049732138305184
0.602155822607451374 0.04403741018414943
0.618447956865466053 0.03854986272077196
0.635180896690271446 0.0333154910753181
0.652366568668320768 0.028378475014071192
0.670017222075874663 0.02377999522250617
0.688145437609810284 0.019556912330936968
0.706764136354650074 0.015740349872876726
0.725886588992206483 0.012354209715760844
0.745526425260405246 0.009413695739336703
0.765697643668034056 0.006923889132879256
0.786414621472328324 0.0048785737265131385
0.807692124926522204 0.0032593263039393757
0.829545319804656844 0.0020351618868645355
0.85198978221115218 0.0011628850028046573
0.87504150968284633 0.0005884484737386874
0.898716932591414608 0.00024958250800804
0.923032925854300856 0.00008000032689230823
0.948006820962494223 0.000015434078952603886
0.973656418333743834 1.5185211301125994e-6
1. 0